1	1	22.54783892
1	2	-12.45802041
1	3	-3.110371378
1	4	5.05E+00
1	5	5.456842326
1	6	9.72E+00
1	7	4.975061506
1	8	1.31E+01
1	9	22.11056511
1	10	-4.81E+00
1	11	2.735564487
1	12	0.177717524
1	13	-2.264251748
1	14	-2.185134886
1	15	-1.920963986
1	16	-4.854204129
1	17	-1.205766108
1	18	-5.870651036
1	19	-12.88106661
2	1	-12.45802041
2	2	15.06355237
2	3	-2.213160753
2	4	-2.139839005
2	5	-2.648637485
2	6	-3.456042891
2	7	-2.866379524
2	8	-5.080819429
2	9	-6.475337453
2	10	1.303670074
2	11	-1.03009451
2	12	0.550119046
2	13	2.87E-03
2	14	0.504509771
2	15	0.490812616
2	16	1.065189436
2	17	0.376394205
2	18	1.361505146
2	19	2.655538157
3	1	-3.110371378
3	2	-2.213160753
3	3	7.652810005
3	4	-1.191686324
3	5	-1.265480251
3	6	-2.450535367
3	7	-1.104671891
3	8	-3.345045059
3	9	-5.613638853
3	10	1.514278368
3	11	-1.165103055
3	12	0.563432017
3	13	0.106710995
3	14	5.96E-01
3	15	0.574887458
3	16	1.264907962
3	17	0.434176981
3	18	1.609096818
3	19	3.17E+00
4	1	5.047044532
4	2	-2.139839005
4	3	-1.191686324
4	4	1.187531936
4	5	1.26E+00
4	6	2.332996079
4	7	1.120892359
4	8	3.12455918
4	9	5.40E+00
4	10	-1.188025681
4	11	0.666696845
4	12	6.31E-02
4	13	-0.579722548
4	14	-0.542654126
4	15	-0.475579368
4	16	-1.207232611
4	17	-0.296385427
4	18	-1.457754196
4	19	-3.208828059
5	1	5.456842326
5	2	-2.648637485
5	3	-1.265480251
5	4	1.262216446
5	5	1.358636561
5	6	2.448626181
5	7	1.229474028
5	8	3.301779547
5	9	5.593234703
5	10	-1.229874479
5	11	0.710437917
5	12	2.35E-02
5	13	-0.557696147
5	14	-0.555602686
5	15	-0.490245716
5	16	-1.232148884
5	17	-0.310331024
5	18	-1.492980082
5	19	-3.26307683
6	1	9.716757325
6	2	-3.46E+00
6	3	-2.450535367
6	4	2.332996079
6	5	2.448626181
6	6	4.64260983
6	7	2.132119254
6	8	6.178540516
6	9	10.86824678
6	10	-2.40487462
6	11	1.322216556
6	12	1.85E-01
6	13	-1.231774088
6	14	-1.106812349
6	15	-0.965553072
6	16	-2.467540629
6	17	-0.595289248
6	18	-2.972714996
6	19	-6.57480996
7	1	4.975061506
7	2	-2.866379524
7	3	-1.104671891
7	4	1.120892359
7	5	1.229474028
7	6	2.132119254
7	7	1.143220117
7	8	2.90522887
7	9	4.773407761
7	10	-1.045082048
7	11	0.629564924
7	12	-3.36E-02
7	13	-0.419403627
7	14	-0.464241765
7	15	-0.413908575
7	16	-1.024520835
7	17	-0.268161873
7	18	-1.248040572
7	19	-2.697729176
8	1	13.11682931
8	2	-5.080819429
8	3	-3.345045059
8	4	3.12455918
8	5	3.301779547
8	6	6.178540516
8	7	2.90522887
8	8	8.252553655
8	9	1.44E+01
8	10	-3.184318205
8	11	1.782781166
8	12	0.178443318
8	13	-1.564471171
8	14	-1.46E+00
8	15	-1.275223945
8	16	-3.239463551
8	17	-0.793805914
8	18	-3.910752016
8	19	-8.61E+00
9	1	22.11056511
9	2	-6.475337453
9	3	-5.613638853
9	4	5.396825604
9	5	5.593234703
9	6	10.86824678
9	7	4.773407761
9	8	14.37104422
9	9	25.73604315
9	10	-5.703516914
9	11	3.053400942
9	12	0.608524111
9	13	-3.094613108
9	14	-2.650071436
9	15	-2.298464568
9	16	-5.923802944
9	17	-1.39758744
9	18	-7.115890129
9	19	-15.83231271
10	1	-4.808687296
10	2	1.303670074
10	3	1.514278368
10	4	-1.188025681
10	5	-1.229874479
10	6	-2.40487462
10	7	-1.045082048
10	8	-3.184318205
10	9	-5.703516914
10	10	14.56016314
10	11	-0.611020776
10	12	-1.09377623
10	13	0.412714766
10	14	7.887765692
10	15	4.150368451
10	16	1.92E+01
10	17	-0.733877903
10	18	18.01606816
10	19	59.16747768
10	20	-3.698462026
10	21	2.23E+00
10	22	-0.127902023
10	23	-1.459228005
10	24	-2.271298379
10	25	0.276855386
10	26	-6.11E+00
10	27	2.705406574
10	28	-3.003580098
10	29	-22.2038198
11	1	2.735564487
11	2	-1.03009451
11	3	-1.165103055
11	4	0.666696845
11	5	0.710437917
11	6	1.322216556
11	7	0.629564924
11	8	1.782781166
11	9	3.053400942
11	10	-0.611020776
11	11	5.895790682
11	12	3.22E-03
11	13	-3.042399039
11	14	0.590449931
11	15	-1.513717704
11	16	2.485766793
11	17	-3.349644146
11	18	-0.830380285
11	19	12.42588229
11	20	-2.229869452
11	21	1.22581451
11	22	0.169688465
11	23	-1.135613442
11	24	-1.359654483
11	25	0.239168955
11	26	-3.669187706
11	27	1.734730458
11	28	-1.668107208
11	29	-13.47996146
12	1	0.177717524
12	2	0.550119046
12	3	5.63E-01
12	4	6.31E-02
12	5	2.35E-02
12	6	0.184648305
12	7	-3.36E-02
12	8	1.78E-01
12	9	0.608524111
12	10	-1.09377623
12	11	3.22E-03
12	12	3.383471114
12	13	-5.87E-02
12	14	-0.87531177
12	15	-0.834850266
12	16	-2.143216666
12	17	-0.47594725
12	18	-2.82305648
12	19	-5.910260181
12	20	-0.129209462
12	21	-0.168914448
12	22	0.506359493
12	23	-0.569947899
12	24	-5.86E-02
12	25	0.1609613
12	26	-0.187344804
12	27	0.310854553
12	28	0.194986111
12	29	-0.965273235
13	1	-2.264251748
13	2	2.87E-03
13	3	0.106710995
13	4	-0.579722548
13	5	-0.557696147
13	6	-1.231774088
13	7	-0.419403627
13	8	-1.564471171
13	9	-3.09E+00
13	10	0.412714766
13	11	-3.042399039
13	12	-5.87E-02
13	13	4.217614571
13	14	-0.268774657
13	15	0.822273367
13	16	-1.245773855
13	17	1.796264901
13	18	0.489074515
13	19	-6.46E+00
13	20	1.457543332
13	21	-1.134355136
13	22	0.56934548
13	23	7.44E-02
13	24	9.18E-01
13	25	4.90E-02
13	26	2.436290456
13	27	-0.84152409
13	28	1.499411386
13	29	8.56E+00
14	1	-2.185134886
14	2	0.504509771
14	3	0.596032716
14	4	-0.542654126
14	5	-0.555602686
14	6	-1.106812349
14	7	-0.464241765
14	8	-1.45579977
14	9	-2.650071436
14	10	7.887765692
14	11	0.590449931
14	12	-0.87531177
14	13	-0.268774657
14	14	4.44100395
14	15	2.082648421
14	16	10.98435997
14	17	-0.882274053
14	18	9.87195317
14	19	34.51089077
14	20	-2.344589369
14	21	1.417576136
14	22	-8.97E-02
14	23	-0.91719953
14	24	-1.440261083
14	25	0.172802834
14	26	-3.870935476
14	27	1.711236122
14	28	-1.909517616
14	29	-14.07283704
15	1	-1.920963986
15	2	0.490812616
15	3	0.574887458
15	4	-0.475579368
15	5	-0.490245716
15	6	-9.66E-01
15	7	-0.413908575
15	8	-1.275223945
15	9	-2.298464568
15	10	4.150368451
15	11	-1.51E+00
15	12	-0.834850266
15	13	0.822273367
15	14	2.082648421
15	15	1.574773071
15	16	4.84E+00
15	17	0.652078641
15	18	5.389616086
15	19	13.68150244
15	20	-0.439626507
15	21	0.330386305
15	22	-0.151101886
15	23	-3.40E-02
15	24	-0.275434049
15	25	-7.11E-03
15	26	-0.732424358
15	27	0.264283092
15	28	-0.436247809
15	29	-2.588528996
16	1	-4.854204129
16	2	1.065189436
16	3	1.264907962
16	4	-1.207232611
16	5	-1.232148884
16	6	-2.467540629
16	7	-1.024520835
16	8	-3.239463551
16	9	-5.923802944
16	10	19.21635185
16	11	2.485766793
16	12	-2.143216666
16	13	-1.245773855
16	14	10.98435997
16	15	4.835199182
16	16	27.35038375
16	17	-2.75327759
16	18	24.04003922
16	19	86.74666207
16	20	-6.142725426
16	21	3.698065501
16	22	-2.02E-01
16	23	-2.438044944
16	24	-3.772127273
16	25	0.462442983
16	26	-10.14015037
16	27	4.50E+00
16	28	-4.983703556
16	29	-36.88291162
17	1	-1.21E+00
17	2	0.376394205
17	3	4.34E-01
17	4	-0.296385427
17	5	-0.310331024
17	6	-0.595289248
17	7	-0.268161873
17	8	-0.793805914
17	9	-1.39758744
17	10	-0.733877903
17	11	-3.349644146
17	12	-0.47594725
17	13	1.796264901
17	14	-0.882274053
17	15	0.652078641
17	16	-2.75327759
17	17	2.078918023
17	18	-0.61976762
17	19	-11.35125402
17	20	1.640653452
17	21	-0.888029631
17	22	-0.153554948
17	23	8.65E-01
17	24	0.999211345
17	25	-0.184481713
17	26	2.698183508
17	27	-1.288515505
17	28	1.210454741
17	29	9.928683901
18	1	-5.870651036
18	2	1.361505146
18	3	1.609096818
18	4	-1.457754196
18	5	-1.492980082
18	6	-2.972714996
18	7	-1.248040572
18	8	-3.910752016
18	9	-7.12E+00
18	10	18.01606816
18	11	-0.830380285
18	12	-2.82305648
18	13	0.489074515
18	14	9.87E+00
18	15	5.389616086
18	16	24.04003922
18	17	-0.61976762
18	18	22.95082856
18	19	7.36E+01
18	20	-4.362524675
18	21	2.747845026
18	22	-0.395675811
18	23	-1.472494254
18	24	-2.689070752
18	25	0.254067008
18	26	-7.21E+00
18	27	3.087493293
18	28	-3.686595045
18	29	-26.09968433
19	1	-12.88106661
19	2	2.655538157
19	3	3.17277699
19	4	-3.208828059
19	5	-3.26307683
19	6	-6.57480996
19	7	-2.697729176
19	8	-8.612801616
19	9	-15.83231271
19	10	59.16747768
19	11	12.42588229
19	12	-5.910260181
19	13	-6.461126043
19	14	3.45E+01
19	15	13.68150244
19	16	86.74666207
19	17	-1.14E+01
19	18	73.64174903
19	19	278.9450612
19	20	-20.96598818
19	21	12.49296995
19	22	-0.419329777
19	23	-8.599096267
19	24	-12.86412029
19	25	1.657264619
19	26	-34.59675956
19	27	15.4629931
19	28	-16.85408194
19	29	-125.9875176
20	10	-3.698462026
20	11	-2.229869452
20	12	-0.129209462
20	13	1.457543332
20	14	-2.344589369
20	15	-4.40E-01
20	16	-6.142725426
20	17	1.640653452
20	18	-4.362524675
20	19	-20.96598818
20	20	11.99777854
20	21	-0.153558136
20	22	-0.591080361
20	23	0.101028068
20	24	5.36619588
20	25	-6.515964769
20	26	14.66881794
20	27	-14.62349165
20	28	-4.013022565
20	29	61.98364306
20	30	-3.746732583
20	31	2.27E+00
20	32	-1.47E-01
20	33	-1.457956886
20	34	-0.314874616
20	35	5.029594037
20	36	-0.890784275
20	37	7.121616678
20	38	9.03123365
20	39	-10.0614567
21	10	2.229302895
21	11	1.22581451
21	12	-0.168914448
21	13	-1.134355136
21	14	1.417576136
21	15	0.330386305
21	16	3.698065501
21	17	-0.888029631
21	18	2.747845026
21	19	12.49296995
21	20	-0.153558136
21	21	5.376793063
21	22	-8.06E-04
21	23	-2.713868296
21	24	-1.663633822
21	25	-4.222068823
21	26	-4.324348884
21	27	-4.176731485
21	28	-10.58948247
21	29	-9.325259065
21	30	-2.266838476
21	31	1.254106905
21	32	0.155387325
21	33	-1.135449307
21	34	-0.127336681
21	35	3.148942021
21	36	-0.360790764
21	37	4.370145623
21	38	5.758924754
21	39	-5.562129165
22	10	-0.127902023
22	11	0.169688465
22	12	0.506359493
22	13	0.56934548
22	14	-8.97E-02
22	15	-0.151101886
22	16	-0.20163961
22	17	-0.153554948
22	18	-0.395675811
22	19	-0.419329777
22	20	-0.591080361
22	21	-8.06E-04
22	22	3.116402277
22	23	-1.45E-02
22	24	-0.572731639
22	25	1.11E-01
22	26	-1.69E+00
22	27	0.939186751
22	28	-0.738898921
22	29	-6.646550378
22	30	-0.147948724
22	31	-0.155056642
22	32	0.500223898
22	33	-0.571295057
22	34	0.119713937
22	35	0.419644473
22	36	0.337567189
22	37	0.408697452
22	38	0.972082257
22	39	0.702830122
23	10	-1.459228005
23	11	-1.135613442
23	12	-5.70E-01
23	13	7.44E-02
23	14	-0.91719953
23	15	-3.40E-02
23	16	-2.438044944
23	17	0.864642578
23	18	-1.472494254
23	19	-8.599096267
23	20	0.101028068
23	21	-2.713868296
23	22	-1.45E-02
23	23	3.930103581
23	24	0.85711347
23	25	2.162225146
23	26	2.233878456
23	27	2.151194469
23	28	5.474071028
23	29	4.823302778
23	30	1.46E+00
23	31	-1.134911928
23	32	0.571038656
23	33	7.21E-02
23	34	0.26027877
23	35	-1.727204422
23	36	0.735311468
23	37	-2.639559482
23	38	-2.874269164
23	39	5.063947793
24	10	-2.271298379
24	11	-1.359654483
24	12	-5.86E-02
24	13	0.917741957
24	14	-1.440261083
24	15	-0.275434049
24	16	-3.772127273
24	17	0.999211345
24	18	-2.689070752
24	19	-1.29E+01
24	20	5.37E+00
24	21	-1.663633822
24	22	-0.572731639
24	23	0.85711347
24	24	2.904720589
24	25	-1.614869422
24	26	7.886682491
24	27	-5.266806688
24	28	1.458995888
24	29	30.61803607
24	30	-0.954175769
24	31	0.635823044
24	32	-0.159401182
24	33	-0.245988096
24	34	-0.111794412
24	35	1.22792353
24	36	-0.315995546
24	37	1.783004955
24	38	2.152562203
24	39	-2.825254064
25	10	0.276855386
25	11	0.239168955
25	12	0.1609613
25	13	4.90E-02
25	14	0.172802834
25	15	-7.11E-03
25	16	0.462442983
25	17	-0.184481713
25	18	0.254067008
25	19	1.657264619
25	20	-6.515964769
25	21	-4.222068823
25	22	0.111415222
25	23	2.162225146
25	24	-1.614869422
25	25	7.003551945
25	26	-4.584315459
25	27	11.42403018
25	28	10.77227017
25	29	-26.57640229
25	30	3.918061839
25	31	-2.264530797
25	32	-6.64E-02
25	33	1.752962094
25	34	0.272305043
25	35	-5.355130937
25	36	0.770853219
25	37	-7.502674424
25	38	-9.710127296
25	39	10.04785398
26	10	-6.10529196
26	11	-3.669187706
26	12	-0.187344804
26	13	2.44E+00
26	14	-3.87E+00
26	15	-0.732424358
26	16	-10.14015037
26	17	2.698183508
26	18	-7.213934487
26	19	-34.59675956
26	20	14.66881794
26	21	-4.324348884
26	22	-1.692153159
26	23	2.233878456
26	24	7.886682491
26	25	-4.584315459
26	26	21.42679526
26	27	-14.58701026
26	28	3.585321906
26	29	83.4892341
26	30	-2.69E+00
26	31	1.791663587
26	32	-0.447780703
26	33	-6.95E-01
26	34	-0.314767695
26	35	3.462155817
26	36	-0.889718585
26	37	5.026666651
26	38	6.069856197
26	39	-7.961235995
27	10	2.705406574
27	11	1.734730458
27	12	0.310854553
27	13	-0.84152409
27	14	1.711236122
27	15	0.264283092
27	16	4.497307565
27	17	-1.288515505
27	18	3.09E+00
27	19	15.4629931
27	20	-14.62349165
27	21	-4.18E+00
27	22	0.939186751
27	23	2.15E+00
27	24	-5.266806688
27	25	11.42403018
27	26	-14.58701026
27	27	21.38358
27	28	13.46906755
27	29	-68.86977476
27	30	6.431568742
27	31	-3.820873855
27	32	0.106471657
27	33	2.656165353
27	34	0.502886419
27	35	-8.696901282
27	36	1.423010172
27	37	-1.23E+01
27	38	-1.57E+01
27	39	16.95870328
28	10	-3.003580098
28	11	-1.668107208
28	12	0.194986111
28	13	1.499411386
28	14	-1.909517616
28	15	-0.436247809
28	16	-4.983703556
28	17	1.210454741
28	18	-3.686595045
28	19	-16.85408194
28	20	-4.013022565
28	21	-10.58948247
28	22	-0.738898921
28	23	5.474071028
28	24	1.458995888
28	25	10.77227017
28	26	3.585321906
28	27	13.46906755
28	28	22.70981058
28	29	-2.728742992
28	30	5.957276421
28	31	-3.313460784
28	32	-0.371094737
28	33	2.944260243
28	34	0.344117688
28	35	-8.259498107
28	36	0.974879666
28	37	-11.47546434
28	38	-15.09013971
28	39	14.69598205
29	10	-22.2038198
29	11	-13.47996146
29	12	-0.965273235
29	13	8.564656508
29	14	-1.41E+01
29	15	-2.588528996
29	16	-36.88291162
29	17	9.928683901
29	18	-26.09968433
29	19	-125.9875176
29	20	61.98364306
29	21	-9.325259065
29	22	-6.646550378
29	23	4.823302778
29	24	30.61803607
29	25	-26.57640229
29	26	83.4892341
29	27	-68.86977476
29	28	-2.728742992
29	29	337.9800794
29	30	-15.28687995
29	31	9.72E+00
29	32	-1.58E+00
29	33	-4.949178517
29	34	-1.538288713
29	35	20.09636043
29	36	-4.349673502
29	37	28.81108474
29	38	35.66573568
29	39	-43.16126322
30	20	-3.746732583
30	21	-2.266838476
30	22	-0.147948724
30	23	1.457236302
30	24	-0.954175769
30	25	3.918061839
30	26	-2.68981473
30	27	6.431568742
30	28	5.96E+00
30	29	-15.28687995
30	30	10.99134242
30	31	-8.35E-02
30	32	-0.35935751
30	33	5.58E-02
30	34	-3.598857629
30	35	-20.26579013
30	36	-10.0120806
30	37	-21.79011265
30	38	-42.22652319
30	39	-10.83820092
30	40	-3.771751692
30	41	2.285891226
30	42	-0.157414448
30	43	-1.457386256
30	44	3.897169262
30	45	9.683220604
30	46	1.07E+01
30	47	7.188065565
30	48	22.23758026
30	49	2.74E+01
31	20	2.266596266
31	21	1.254106905
31	22	-0.155056642
31	23	-1.134911928
31	24	0.635823044
31	25	-2.264530797
31	26	1.791663587
31	27	-3.820873855
31	28	-3.313460784
31	29	9.717692865
31	30	-8.35E-02
31	31	5.195796255
31	32	7.83E-05
31	33	-2.594181184
31	34	-3.590204366
31	35	-4.16E+00
31	36	-1.00E+01
31	37	-0.406436808
31	38	-11.9954822
31	39	-32.20167036
31	40	-2.286034454
31	41	1.268768642
31	42	0.148025116
31	43	-1.135437702
31	44	2.460860435
31	45	5.943725228
31	46	6.759339026
31	47	4.304696523
31	48	13.68565865
31	49	17.50267753
32	20	-0.147389777
32	21	0.155387325
32	22	0.500223898
32	23	0.571038656
32	24	-0.159401182
32	25	-6.64E-02
32	26	-0.447780703
32	27	0.106471657
32	28	-0.371094737
32	29	-1.577068981
32	30	-0.35935751
32	31	7.83E-05
32	32	2.999661168
32	33	-8.12E-03
32	34	-8.62E-02
32	35	0.823471997
32	36	-0.167207706
32	37	1.342512948
32	38	1.813604033
32	39	-1.704827428
32	40	-0.157744974
32	41	-0.147829544
32	42	0.497054005
32	43	-0.572041872
32	44	0.369307739
32	45	0.560559261
32	46	0.993652744
32	47	0.191333474
32	48	1.361646987
32	49	2.961057075
33	20	-1.457956886
33	21	-1.135449307
33	22	-0.571295057
33	23	7.21E-02
33	24	-0.245988096
33	25	1.752962094
33	26	-0.695253987
33	27	2.656165353
33	28	2.944260243
33	29	-4.95E+00
33	30	5.58E-02
33	31	-2.594181184
33	32	-8.12E-03
33	33	3.821419108
33	34	1.801834429
33	35	2.086543573
33	36	5.049364761
33	37	0.193004516
33	38	6.08E+00
33	39	16.35485842
33	40	1.456960191
33	41	-1.135119862
33	42	5.72E-01
33	43	7.09E-02
33	44	-1.29123973
33	45	-3.580406763
33	46	-3.58E+00
33	47	-2.892168657
33	48	-8.146657865
33	49	-8.72E+00
34	20	-0.314874616
34	21	-0.127336681
34	22	0.119713937
34	23	0.26027877
34	24	-0.111794412
34	25	0.272305043
34	26	-0.314767695
34	27	0.502886419
34	28	0.344117688
34	29	-1.538288713
34	30	-3.598857629
34	31	-3.590204366
34	32	-8.62E-02
34	33	1.801834429
34	34	3.71E+00
34	35	9.630804572
34	36	10.32806521
34	37	7.49E+00
34	38	22.37379507
34	39	26.17355865
34	40	2.867928352
34	41	-1.641784429
34	42	-8.11E-02
34	43	1.315564502
34	44	-3.044876769
34	45	-7.424555077
34	46	-8.367804475
34	47	-5.422663191
34	48	-17.08011655
34	49	-21.58517045
35	20	5.029594037
35	21	3.148942021
35	22	0.419644473
35	23	-1.73E+00
35	24	1.23E+00
35	25	-5.355130937
35	26	3.462155817
35	27	-8.696901282
35	28	-8.259498107
35	29	20.09636043
35	30	-20.26579013
35	31	-4.162849033
35	32	0.823471997
35	33	2.086543573
35	34	9.630804572
35	35	40.96196593
35	36	26.80583047
35	37	40.68558466
35	38	88.11594756
35	39	46.70332139
35	40	8.866931669
35	41	-5.293891534
35	42	0.202851545
35	43	3.600340575
35	44	-9.229461942
35	45	-22.81536717
35	46	-25.38326683
35	47	-16.86276979
35	48	-52.42025608
35	49	-65.1134881
36	20	-0.890784275
36	21	-0.360790764
36	22	0.337567189
36	23	0.735311468
36	24	-0.315995546
36	25	0.770853219
36	26	-0.889718585
36	27	1.423010172
36	28	0.974879666
36	29	-4.349673502
36	30	-10.0120806
36	31	-9.998222635
36	32	-0.167207706
36	33	5.049364761
36	34	10.32806521
36	35	26.80583047
36	36	28.7413935
36	37	20.85327534
36	38	62.28061657
36	39	72.8319568
36	40	7.980439337
36	41	-4.578273881
36	42	-0.205522302
36	43	3.640720338
36	44	-8.464543963
36	45	-20.653708
36	46	-23.26279163
36	47	-1.51E+01
36	48	-4.75E+01
36	49	-59.99121575
37	20	7.121616678
37	21	4.370145623
37	22	0.408697452
37	23	-2.639559482
37	24	1.783004955
37	25	-7.502674424
37	26	5.026666651
37	27	-12.26159064
37	28	-11.47546434
37	29	28.81108474
37	30	-21.79011265
37	31	-0.406436808
37	32	1.342512948
37	33	0.193004516
37	34	7.49E+00
37	35	40.68558466
37	36	20.85327534
37	37	4.34E+01
37	38	85.16048906
37	39	24.60611873
37	40	7.674762039
37	41	-4.691672057
37	42	0.403518873
37	43	2.881675281
37	44	-7.895761087
37	45	-19.67766549
37	46	-21.72513692
37	47	-14.64444512
37	48	-45.17760167
37	49	-55.54311909
38	20	9.03123365
38	21	5.758924754
38	22	9.72E-01
38	23	-2.874269164
38	24	2.152562203
38	25	-9.71E+00
38	26	6.069856197
38	27	-15.67868163
38	28	-15.09013971
38	29	35.66573568
38	30	-42.22652319
38	31	-11.9954822
38	32	1.813604033
38	33	6.075119775
38	34	22.37379507
38	35	88.11594756
38	36	62.28061657
38	37	85.16048906
38	38	191.4938849
38	39	117.8952094
38	40	19.95485593
38	41	-1.19E+01
38	42	3.62E-01
38	43	8.201594471
38	44	-20.80891874
38	45	-51.37450746
38	46	-57.22557819
38	47	-37.92934318
38	48	-118.0512085
38	49	-146.8725935
39	20	-10.0614567
39	21	-5.562129165
39	22	0.702830122
39	23	5.063947793
39	24	-2.825254064
39	25	10.04785398
39	26	-7.961235995
39	27	16.95870328
39	28	14.69598205
39	29	-43.16126322
39	30	-10.83820092
39	31	-32.20167036
39	32	-1.704827428
39	33	16.35485842
39	34	26.17355865
39	35	46.70332139
39	36	72.8319568
39	37	24.60611873
39	38	117.8952094
39	39	212.7829233
39	40	18.33703811
39	41	-10.25570648
39	42	-1.022543464
39	43	8.934286087
39	44	-19.67296061
39	45	-47.62617004
39	46	-54.04319428
39	47	-34.5640933
39	48	-109.6371757
39	49	-139.8105231
40	30	-3.771751692
40	31	-2.286034454
40	32	-0.157744974
40	33	1.456960191
40	34	2.867928352
40	35	8.866931669
40	36	7.980439337
40	37	7.674762039
40	38	19.95485593
40	39	18.33703811
40	40	10.41667727
40	41	-5.30E-02
40	42	-0.227419843
40	43	3.54E-02
40	44	-16.49247534
40	45	-2.93E+01
40	46	-4.35E+01
40	47	-14.44499149
40	48	-67.31820006
40	49	-121.1510374
40	50	-3.787654409
40	51	2.298146356
40	52	-0.163764658
40	53	-1.457052824
40	54	9.315607459
40	55	11.59507123
40	56	23.3777646
40	57	1.541463477
40	58	26.13475676
40	59	68.23856694
41	30	2.285891226
41	31	1.27E+00
41	32	-0.147829544
41	33	-1.135119862
41	34	-1.64E+00
41	35	-5.293891534
41	36	-4.578273881
41	37	-4.691672057
41	38	-11.86866611
41	39	-10.25570648
41	40	-5.30E-02
41	41	5.092199649
41	42	4.08E-05
41	43	-2.525370975
41	44	-4.587175204
41	45	-1.8266159
41	46	-11.01290956
41	47	4.572894473
41	48	-4.19E+00
41	49	-36.03313751
41	50	-2.298245043
41	51	1.28E+00
41	52	0.143357673
41	53	-1.135451152
41	54	5.764631833
41	55	7.039859657
41	56	14.41364334
41	57	0.779062196
41	58	15.81593338
41	59	42.0986235
42	30	-0.157414448
42	31	0.148025116
42	32	0.497054005
42	33	0.571890116
42	34	-8.11E-02
42	35	0.202851545
42	36	-2.06E-01
42	37	4.04E-01
42	38	0.3619162
42	39	-1.022543464
42	40	-0.227419843
42	41	4.08E-05
42	42	2.933463559
42	43	-5.15E-03
42	44	0.281588298
42	45	1.019749629
42	46	1.100106007
42	47	0.899946965
42	48	2.820491994
42	49	3.477702079
42	50	-0.163992398
42	51	-0.143222923
42	52	0.495037784
42	53	-0.572524723
42	54	0.63735125
42	55	0.510351223
42	56	1.488486802
42	57	-0.259828558
42	58	1.04190023
42	59	4.397526039
43	30	-1.457386256
43	31	-1.135437702
43	32	-0.572041872
43	33	7.09E-02
43	34	1.315564502
43	35	3.600340575
43	36	3.640720338
43	37	2.881675281
43	38	8.201594471
43	39	8.934286087
43	40	3.54E-02
43	41	-2.525370975
43	42	-5.15E-03
43	43	3.759038455
43	44	2.273580946
43	45	0.89501391
43	46	5.490742576
43	47	-2.30444218
43	48	2.078642442
43	49	18.07705798
43	50	1.45675925
43	51	-1.135232162
43	52	0.572420177
43	53	7.01E-02
43	54	-3.340447817
43	55	-4.452490706
43	56	-8.499655504
43	57	-9.33E-01
43	58	-1.01E+01
43	59	-24.75881416
44	30	3.897169262
44	31	2.460860435
44	32	0.369307739
44	33	-1.29123973
44	34	-3.044876769
44	35	-9.229461942
44	36	-8.464543963
44	37	-7.895761087
44	38	-20.80891874
44	39	-19.67296061
44	40	-16.49247534
44	41	-4.587175204
44	42	2.82E-01
44	43	2.273580946
44	44	30.39941877
44	45	4.81E+01
44	46	79.14058249
44	47	18.72686188
44	48	110.706697
44	49	225.415467
44	50	8.131233758
44	51	-4.821839291
44	52	0.118484938
44	53	3.369224972
44	54	-20.10623056
44	55	-24.89609666
44	56	-50.40635159
44	57	-3.159094073
44	58	-5.61E+01
44	59	-147.1585653
45	30	9.683220604
45	31	5.94E+00
45	32	0.560559261
45	33	-3.580406763
45	34	-7.424555077
45	35	-22.81536717
45	36	-20.653708
45	37	-19.67766549
45	38	-51.37450746
45	39	-47.62617004
45	40	-29.26328323
45	41	-1.8266159
45	42	1.019749629
45	43	0.89501391
45	44	48.13386555
45	45	8.30E+01
45	46	1.27E+02
45	47	38.91020514
45	48	191.0501414
45	49	354.6743823
45	50	11.50937169
45	51	-6.97136554
45	52	0.472175334
45	53	4.455378969
45	54	-28.31838272
45	55	-35.23394065
45	56	-71.06043149
45	57	-4.668079303
45	58	-79.41051996
45	59	-207.4248125
46	30	10.72120149
46	31	6.759339026
46	32	0.993652744
46	33	-3.576172708
46	34	-8.367804475
46	35	-25.38326683
46	36	-23.26279163
46	37	-21.72513692
46	38	-57.22557819
46	39	-54.04319428
46	40	-43.47856009
46	41	-11.01290956
46	42	1.100106007
46	43	5.490742576
46	44	79.14058249
46	45	126.5213568
46	46	2.06E+02
46	47	5.04E+01
46	48	291.0563126
46	49	586.5860627
46	50	20.9184132
46	51	-12.45588659
46	52	0.41096814
46	53	8.559483845
46	54	-51.67590849
46	55	-64.04591719
46	56	-129.574843
46	57	-8.195972682
46	58	-144.2519115
46	59	-378.2754805
47	30	7.19E+00
47	31	4.304696523
47	32	0.191333474
47	33	-2.89E+00
47	34	-5.422663191
47	35	-16.86276979
47	36	-15.09378358
47	37	-14.64444512
47	38	-37.92934318
47	39	-34.5640933
47	40	-14.44499149
47	41	4.572894473
47	42	0.899946965
47	43	-2.30444218
47	44	18.72686188
47	45	3.89E+01
47	46	50.39469401
47	47	24.124226
47	48	8.96E+01
47	49	135.7795403
47	50	3.151954841
47	51	-2.060651088
47	52	0.44477227
47	53	0.894739932
47	54	-7.609242232
47	55	-9.643654439
47	56	-19.16302976
47	57	-1.481877262
47	58	-21.8021872
47	59	-55.90318691
48	30	22.23758026
48	31	1.37E+01
48	32	1.36E+00
48	33	-8.146657865
48	34	-17.08011655
48	35	-52.42025608
48	36	-47.51071292
48	37	-45.17760167
48	38	-118.0512085
48	39	-109.6371757
48	40	-67.31820006
48	41	-4.191926844
48	42	2.820491994
48	43	2.078642442
48	44	110.706697
48	45	191.0501414
48	46	291.0563126
48	47	89.61387035
48	48	439.7083246
48	49	815.9687078
48	50	26.43468885
48	51	-16.05397701
48	52	1.171670524
48	53	10.14478014
48	54	-65.00091858
48	55	-80.92376592
48	56	-163.1286391
48	57	-10.77836956
48	58	-182.4054335
48	59	-476.1620132
49	30	27.44428475
49	31	1.75E+01
49	32	2.96E+00
49	33	-8.721379248
49	34	-21.58517045
49	35	-65.1134881
49	36	-59.99121575
49	37	-55.54311909
49	38	-146.8725935
49	39	-139.8105231
49	40	-121.1510374
49	41	-36.03313751
49	42	3.477702079
49	43	18.07705798
49	44	225.415467
49	45	3.55E+02
49	46	586.5860627
49	47	135.7795403
49	48	8.16E+02
49	49	1673.106708
49	50	60.70256359
49	51	-36.09985674
49	52	1.096367455
49	53	24.94124322
49	54	-150.0007751
49	55	-185.8549321
49	56	-376.0993129
49	57	-23.72270626
49	58	-418.5848659
49	59	-1097.979384
50	40	-3.79E+00
50	41	-2.298245043
50	42	-0.163992398
50	43	1.46E+00
50	44	8.131233758
50	45	11.50937169
50	46	20.9184132
50	47	3.151954841
50	48	26.43468885
50	49	60.70256359
50	50	10.02450419
50	51	-3.87E-02
50	52	-0.136551537
50	53	2.59E-02
50	54	-30.45280954
50	55	-29.09825996
50	56	-7.14E+01
50	57	5.46E+00
50	58	-60.68987499
50	59	-205.1148405
50	60	-3.799212323
50	61	2.307049023
50	62	-0.168370202
50	63	-1.456822952
50	64	14.90614839
50	65	9.586267386
50	66	31.80726103
50	67	-7.92856464
50	68	16.32348949
50	69	88.24471638
51	40	2.298146356
51	41	1.278088308
51	42	-0.143222923
51	43	-1.135232162
51	44	-4.821839291
51	45	-6.97136554
51	46	-12.45588659
51	47	-2.060651088
51	48	-16.05397701
51	49	-36.09985674
51	50	-3.87E-02
51	51	5.022054159
51	52	4.78E-05
51	53	-2.478592096
51	54	-4.693689582
51	55	1.504307812
51	56	-7.50E+00
51	57	7.94E+00
51	58	7.517900817
51	59	-19.02056966
51	60	-2.307123781
51	61	1.28486172
51	62	0.139971212
51	63	-1.135470275
51	64	9.159058006
51	65	5.745512613
51	66	19.42202643
51	67	-5.018517425
51	68	9.599639801
51	69	53.70200995
52	40	-1.64E-01
52	41	0.143357673
52	42	0.495037784
52	43	5.72E-01
52	44	0.118484938
52	45	0.472175334
52	46	0.41096814
52	47	0.44477227
52	48	1.171670524
52	49	1.096367455
52	50	-0.136551537
52	51	4.78E-05
52	52	2.888043103
52	53	-3.77E-03
52	54	0.43810097
52	55	8.31E-01
52	56	1.615343681
52	57	0.201259989
52	58	2.31E+00
52	59	5.865708441
52	60	-0.168542719
52	61	-0.139869137
52	62	0.493572482
52	63	-0.572880204
52	64	0.884561662
52	65	0.26639871
52	66	1.632287758
52	67	-0.776904281
52	68	6.94E-02
52	69	4.147555669
53	40	-1.457052824
53	41	-1.14E+00
53	42	-5.73E-01
53	43	7.01E-02
53	44	3.369224972
53	45	4.455378969
53	46	8.559483845
53	47	0.894739932
53	48	10.14478014
53	49	24.94124322
53	50	2.59E-02
53	51	-2.478592096
53	52	-3.77E-03
53	53	3.716536024
53	54	2.305455141
53	55	-0.763687046
53	56	3.695271926
53	57	-3.956443601
53	58	-3.776034119
53	59	9.423353189
53	60	1.456600564
53	61	-1.135304387
53	62	0.57280101
53	63	6.96E-02
53	64	-5.483990407
53	65	-3.84134647
53	66	-11.96865487
53	67	2.599273145
53	68	-6.941077992
53	69	-33.60519963
54	40	9.315607459
54	41	5.764631833
54	42	0.63735125
54	43	-3.340447817
54	44	-20.10623056
54	45	-28.31838272
54	46	-51.67590849
54	47	-7.609242232
54	48	-65.00091858
54	49	-150.0007751
54	50	-30.45280954
54	51	-4.693689582
54	52	0.43810097
54	53	2.305455141
54	54	97.12014385
54	55	87.06555854
54	56	224.272595
54	57	-24.21437147
54	58	177.3994669
54	59	642.1107756
54	60	13.76518341
54	61	-8.250629199
54	62	0.384270241
54	63	5.512287849
54	64	-54.10725994
54	65	-34.66196818
54	66	-115.3424154
54	67	28.91639024
54	68	-58.85112901
54	69	-319.8319161
55	40	11.59507123
55	41	7.039859657
55	42	0.510351223
55	43	-4.452490706
55	44	-24.89609666
55	45	-35.23394065
55	46	-64.04591719
55	47	-9.643654439
55	48	-80.92376592
55	49	-185.8549321
55	50	-29.09825996
55	51	1.504307812
55	52	0.831000498
55	53	-0.763687046
55	54	87.06555854
55	55	84.91527133
55	56	205.1146032
55	57	-13.60260747
55	58	178.4079197
55	59	590.3601002
55	60	10.35097398
55	61	-6.353978278
55	62	0.600809885
55	63	3.823541277
55	64	-40.54880221
55	65	-26.16262543
55	66	-86.59640367
55	67	21.48134589
55	68	-44.65811385
55	69	-240.3567064
56	40	23.3777646
56	41	14.41364334
56	42	1.488486802
56	43	-8.499655504
56	44	-50.40635159
56	45	-71.06043149
56	46	-129.574843
56	47	-19.16302976
56	48	-163.1286391
56	49	-376.0993129
56	50	-71.37232969
56	51	-7.500869871
56	52	1.615343681
56	53	3.695271926
56	54	224.272595
56	55	205.1146032
56	56	520.3404977
56	57	-51.1469126
56	58	421.1502717
56	59	1491.737773
56	60	30.60086173
56	61	-18.46121724
56	62	1.102665144
56	63	11.99937123
56	64	-120.17358
56	65	-77.13397625
56	66	-256.3038781
56	67	64.07311073
56	68	-131.1524289
56	69	-710.8899797
57	40	1.541463477
57	41	0.779062196
57	42	-0.259828558
57	43	-0.932624192
57	44	-3.159094073
57	45	-4.668079303
57	46	-8.195972682
57	47	-1.481877262
57	48	-10.77836956
57	49	-23.72270626
57	50	5.46080988
57	51	7.940391896
57	52	0.201259989
57	53	-3.956443601
57	54	-24.21437147
57	55	-13.60260747
57	56	-51.1469126
57	57	15.62355962
57	58	-21.37073754
57	59	-142.852977
57	60	-5.776839321
57	61	3.305773515
57	62	0.165541768
57	63	-2.651251864
57	64	22.85178818
57	65	14.4441347
57	66	48.54969246
57	67	-12.41047288
57	68	24.27540411
57	69	134.3778965
58	40	26.13475676
58	41	15.81593338
58	42	1.04190023
58	43	-10.14999637
58	44	-56.0651035
58	45	-79.41051996
58	46	-144.2519115
58	47	-21.8021872
58	48	-182.4054335
58	49	-418.5848659
58	50	-60.68987499
58	51	7.517900817
58	52	2.310074291
58	53	-3.776034119
58	54	177.3994669
58	55	178.4079197
58	56	421.1502717
58	57	-21.37073754
58	58	378.7535212
58	59	1214.638256
58	60	19.516628
58	61	-12.14079644
58	62	1.466704006
58	63	6.865523263
58	64	-76.30628661
58	65	-49.43425093
58	66	-163.1292913
58	67	40.2212031
58	68	-84.63516307
58	69	-453.0327051
59	40	68.23856694
59	41	42.0986235
59	42	4.397526039
59	43	-24.75881416
59	44	-147.1585653
59	45	-207.4248125
59	46	-378.2754805
59	47	-55.90318691
59	48	-476.1620132
59	49	-1097.979384
59	50	-205.1148405
59	51	-19.02056966
59	52	5.865708441
59	53	9.423353189
59	54	642.1107756
59	55	590.3601002
59	56	1491.737773
59	57	-142.852977
59	58	1214.638256
59	59	4278.362405
59	60	86.68351424
59	61	-52.45779332
59	62	3.460280252
59	63	33.64730796
59	64	-340.2677272
59	65	-218.6049894
59	66	-725.8872204
59	67	181.2157485
59	68	-371.9561944
59	69	-2013.591498
60	50	-3.799212323
60	51	-2.307123781
60	52	-0.168542719
60	53	1.456600564
60	54	13.76518341
60	55	10.35097398
60	56	30.60086173
60	57	-5.776839321
60	58	19.516628
60	59	86.68351424
60	60	9.72829144
60	61	-3.03E-02
60	62	-6.77E-02
60	63	2.03E-02
60	64	-43.25967555
60	65	-19.10576391
60	66	-83.32352295
60	67	30.5067566
60	68	-21.31096517
60	69	-216.0641348
60	70	-3.808248123
60	71	2.314007203
60	72	-0.171966599
60	73	-1.456648629
60	74	19.90110432
60	75	3.772691078
60	76	32.70590271
60	77	-17.94372663
60	78	-5.103421991
60	79	74.12556258
61	50	2.307049023
61	51	1.28486172
61	52	-0.139869137
61	53	-1.135304387
61	54	-8.250629199
61	55	-6.353978278
61	56	-18.46121724
61	57	3.305773515
61	58	-12.14079644
61	59	-52.45779332
61	60	-3.03E-02
61	61	4.969197986
61	62	4.32E-05
61	63	-2.443286025
61	64	-4.154794056
61	65	4.711627369
61	66	-1.194095541
61	67	8.508787381
61	68	17.51761825
61	69	9.609750578
61	70	-2.314066831
61	71	1.290157081
61	72	0.137326159
61	73	-1.135489211
61	74	12.1826659
61	75	2.148169891
61	76	19.81519548
61	77	-11.08722042
61	78	-3.596513381
61	79	44.44313874
62	50	-0.168370202
62	51	0.139971212
62	52	0.493572482
62	53	0.57280101
62	54	0.384270241
62	55	0.600809885
62	56	1.102665144
62	57	0.165541768
62	58	1.466704006
62	59	3.460280252
62	60	-6.77E-02
62	61	4.32E-05
62	62	2.853693806
62	63	-2.95E-03
62	64	0.390752017
62	65	0.504349634
62	66	1.458987291
62	67	-0.302763862
62	68	1.160753862
62	69	5.336173543
62	70	-0.172104202
62	71	-0.137244742
62	72	0.492426886
62	73	-0.573159958
62	74	1.086596291
62	75	-0.130911567
62	76	1.354883327
62	77	-1.19386325
62	78	-1.264915141
62	79	2.095251026
63	50	-1.456822952
63	51	-1.135470275
63	52	-0.572880204
63	53	6.96E-02
63	54	5.512287849
63	55	3.823541277
63	56	11.99937123
63	57	-2.651251864
63	58	6.865523263
63	59	33.64730796
63	60	2.03E-02
63	61	-2.443286025
63	62	-2.95E-03
63	63	3.684438318
63	64	2.024513426
63	65	-2.338689508
63	66	0.553542432
63	67	-4.205772263
63	68	-8.699992275
63	69	-4.843972768
63	70	1.456471247
63	71	-1.135356897
63	72	0.573096794
63	73	6.91E-02
63	74	-7.417799974
63	75	-1.756076328
63	76	-12.63933143
63	77	6.46712563
63	78	0.878683575
63	79	-29.66201326
64	50	14.90614839
64	51	9.159058006
64	52	0.884561662
64	53	-5.483990407
64	54	-54.10725994
64	55	-40.54880221
64	56	-120.17358
64	57	22.85178818
64	58	-76.30628661
64	59	-340.2677272
64	60	-43.25967555
64	61	-4.154794056
64	62	0.390752017
64	63	2.024513426
64	64	196.0722927
64	65	80.95509806
64	66	371.8045
64	67	-143.0870329
64	68	79.73261672
64	69	953.1972941
64	70	18.93674715
64	71	-11.41470073
64	72	0.663395643
64	73	7.442170055
64	74	-99.03063287
64	75	-18.64565531
64	76	-162.5858824
64	77	89.37188123
64	78	25.76950469
64	79	-368.1196402
65	50	9.586267386
65	51	5.745512613
65	52	0.26639871
65	53	-3.84134647
65	54	-34.66196818
65	55	-26.16262543
65	56	-77.13397625
65	57	14.4441347
65	58	-49.43425093
65	59	-218.6049894
65	60	-19.10576391
65	61	4.711627369
65	62	0.504349634
65	63	-2.338689508
65	64	80.95509806
65	65	41.92638438
65	66	162.3958689
65	67	-51.86997196
65	68	58.32381999
65	69	433.2027196
65	70	5.274244499
65	71	-3.3433728
65	72	0.526740888
65	73	1.719808643
65	74	-27.4547285
65	75	-5.397519849
65	76	-45.36611128
65	77	24.63158375
65	78	6.475703756
65	79	-103.3769573
66	50	31.80726103
66	51	19.42202643
66	52	1.632287758
66	53	-11.96865487
66	54	-115.3424154
66	55	-86.59640367
66	56	-256.3038781
66	57	48.54969246
66	58	-163.1292913
66	59	-725.8872204
66	60	-83.32352295
66	61	-1.194095541
66	62	1.458987291
66	63	0.553542432
66	64	371.8045
66	65	162.3958689
66	66	714.367928
66	67	-263.8371318
66	68	177.737094
66	69	1849.171295
66	70	33.23857457
66	71	-20.23870869
66	72	1.587075358
66	73	12.62788627
66	74	-173.6653583
66	75	-32.98057431
66	76	-285.4802672
66	77	156.5473568
66	78	44.36339389
66	79	-647.1899096
67	50	-7.92856464
67	51	-5.018517425
67	52	-0.776904281
67	53	2.599273145
67	54	28.91639024
67	55	21.48134589
67	56	64.07311073
67	57	-12.41047288
67	58	40.2212031
67	59	181.2157485
67	60	30.5067566
67	61	8.508787381
67	62	-0.302763862
67	63	-4.205772263
67	64	-143.0870329
67	65	-51.86997196
67	66	-263.8371318
67	67	110.5659362
67	68	-36.64345499
67	69	-662.1979993
67	70	-15.96812176
67	71	9.514351302
67	72	-0.327828211
67	73	-6.515796476
67	74	83.59202086
67	75	15.5846438
67	76	137.0422365
67	77	-75.53731786
67	78	-22.20367867
67	79	309.8384968
68	50	16.32348949
68	51	9.599639801
68	52	6.94E-02
68	53	-6.941077992
68	54	-58.85112901
68	55	-44.65811385
68	56	-131.1524289
68	57	24.27540411
68	58	-84.63516307
68	59	-371.9561944
68	60	-21.31096517
68	61	17.51761825
68	62	1.160753862
68	63	-8.699992275
68	64	79.73261672
68	65	58.32381999
68	66	177.737094
68	67	-36.64345499
68	68	108.3341913
68	69	506.0613809
68	70	9.36E-02
68	71	-0.540389885
68	72	1.011750342
68	73	-1.004775195
68	74	-0.114307002
68	75	-0.694576763
68	76	-1.047499017
68	77	-0.325544031
68	78	-1.941104841
68	79	-4.3205081
69	50	88.24471638
69	51	53.70200995
69	52	4.147555669
69	53	-33.60519963
69	54	-319.8319161
69	55	-240.3567064
69	56	-710.8899797
69	57	134.3778965
69	58	-453.0327051
69	59	-2013.591498
69	60	-216.0641348
69	61	9.609750578
69	62	5.336173543
69	63	-4.843972768
69	64	953.1972941
69	65	433.2027196
69	66	1849.171295
69	67	-662.1979993
69	68	506.0613809
69	69	4819.978616
69	70	80.12990794
69	71	-49.22151029
69	72	4.722834092
69	73	29.51985799
69	74	-418.3299279
69	75	-80.0446127
69	76	-688.4395684
69	77	376.713547
69	78	105.1066657
69	79	-1562.443025
70	60	-3.808248123
70	61	-2.314066831
70	62	-0.172104202
70	63	1.456471247
70	64	18.93674715
70	65	5.274244499
70	66	33.23857457
70	67	-15.96812176
70	68	9.36E-02
70	69	80.12990794
70	70	9.491905182
70	71	-2.46E-02
70	72	-1.27E-02
70	73	1.65E-02
70	74	-53.56731672
70	75	-1.143689103
70	76	-74.9793466
70	77	52.44900545
70	78	38.92323002
70	79	-141.2406131
70	80	-3.815581404
70	81	2.319653625
70	82	-0.174883739
70	83	-1.456509261
70	84	23.84389193
70	85	-4.922668749
70	86	25.08208528
70	87	-25.38203812
70	88	-32.04283131
70	89	26.32387697
71	60	2.314007203
71	61	1.290157081
71	62	-0.137244742
71	63	-1.135356897
71	64	-11.41470073
71	65	-3.3433728
71	66	-20.23870869
71	67	9.514351302
71	68	-0.540389885
71	69	-49.22151029
71	70	-2.46E-02
71	71	4.927080193
71	72	3.84E-05
71	73	-2.415127088
71	74	-3.245293099
71	75	7.118149036
71	76	5.919608285
71	77	6.432684598
71	78	22.39058964
71	79	38.09213764
71	80	-2.319702382
71	81	1.294454697
71	82	0.135180442
71	83	-1.135506145
71	84	14.56239607
71	85	-3.182583452
71	86	15.025534
71	87	-15.54088855
71	88	-20.01885317
71	89	14.81483344
72	60	-0.171966599
72	61	0.137326159
72	62	0.492426886
72	63	0.573096794
72	64	0.663395643
72	65	0.526740888
72	66	1.587075358
72	67	-0.327828211
72	68	1.011750342
72	69	4.722834092
72	70	-1.27E-02
72	71	3.84E-05
72	72	2.826257954
72	73	-2.40E-03
72	74	0.194761896
72	75	0.250083031
72	76	0.980371844
72	77	-0.452214089
72	78	0.214743599
72	79	3.388222307
72	80	-0.174996253
72	81	-0.13511387
72	82	0.49149713
72	83	-0.573387734
72	84	1.231817723
72	85	-0.621935825
72	86	0.683526769
72	87	-1.392282714
72	88	-2.591993177
72	89	-1.276022024
73	60	-1.456648629
73	61	-1.135489211
73	62	-0.573159958
73	63	6.91E-02
73	64	7.442170055
73	65	1.719808643
73	66	12.62788627
73	67	-6.515796476
73	68	-1.004775195
73	69	29.51985799
73	70	1.65E-02
73	71	-2.415127088
73	72	-2.40E-03
73	73	3.658828134
73	74	1.568120989
73	75	-3.505137777
73	76	-2.947028068
73	77	-3.155154471
73	78	-11.04604652
73	79	-18.87056216
73	80	1.45636422
73	81	-1.135397956
73	82	0.573336088
73	83	6.88E-02
73	84	-8.958308996
73	85	1.468149411
73	86	-10.05986146
73	87	9.453658349
73	88	11.06899181
73	89	-12.62760575
74	60	19.90110432
74	61	12.1826659
74	62	1.086596291
74	63	-7.417799974
74	64	-99.03063287
74	65	-27.4547285
74	66	-173.6653583
74	67	83.59202086
74	68	-0.114307002
74	69	-418.3299279
74	70	-53.56731672
74	71	-3.245293099
74	72	0.194761896
74	73	1.568120989
74	74	304.6355293
74	75	1.578068185
74	76	419.2498383
74	77	-300.5229554
74	78	-235.0991329
74	79	771.3144292
74	80	23.12567694
74	81	-13.9903206
74	82	0.916344059
74	83	8.976836184
74	84	-144.5537433
74	85	29.94827752
74	86	-151.8863115
74	87	153.9019983
74	88	194.5265122
74	89	-158.8393205
75	60	3.772691078
75	61	2.148169891
75	62	-0.130911567
75	63	-1.756076328
75	64	-18.64565531
75	65	-5.397519849
75	66	-32.98057431
75	67	15.5846438
75	68	-0.694576763
75	69	-80.0446127
75	70	-1.143689103
75	71	7.118149036
75	72	0.250083031
75	73	-3.505137777
75	74	1.578068185
75	75	10.43490869
75	76	17.37968947
75	77	3.132833108
75	78	27.81444241
75	79	71.7810783
75	80	-2.922288973
75	81	1.590041229
75	82	0.25485194
75	83	-1.517318635
75	84	18.36855759
75	85	-4.076013352
75	86	18.85020352
75	87	-19.6164307
75	88	-25.40817989
75	89	18.24541264
76	60	32.70590271
76	61	19.81519548
76	62	1.354883327
76	63	-12.63933143
76	64	-162.5858824
76	65	-45.36611128
76	66	-285.4802672
76	67	137.0422365
76	68	-1.047499017
76	69	-688.4395684
76	70	-74.9793466
76	71	5.919608285
76	72	0.980371844
76	73	-2.947028068
76	74	419.2498383
76	75	17.37968947
76	76	599.2106652
76	77	-406.7960878
76	78	-281.2472705
76	79	1160.535564
76	80	27.37591697
76	81	-16.851306
76	82	1.688030237
76	83	10.00464927
76	84	-170.955058
76	85	34.9774183
76	86	-180.3601923
76	87	181.9130309
76	88	228.9315955
76	89	-191.0078482
77	60	-17.94372663
77	61	-11.08722042
77	62	-1.19386325
77	63	6.46712563
77	64	89.37188123
77	65	24.63158375
77	66	156.5473568
77	67	-75.53731786
77	68	-0.325544031
77	69	376.713547
77	70	52.44900545
77	71	6.432684598
77	72	-0.452214089
77	73	-3.155154471
77	74	-300.5229554
77	75	3.132833108
77	76	-406.7960878
77	77	298.6243468
77	78	245.0267121
77	79	-730.5821073
77	80	-24.16840101
77	81	14.57441828
77	82	-0.859716133
77	83	-9.484270274
77	84	151.0983976
77	85	-31.37518505
77	86	158.6448532
77	87	-160.8857229
77	88	-203.5147999
77	89	165.5220546
78	60	-5.103421991
78	61	-3.596513381
78	62	-1.264915141
78	63	0.878683575
78	64	25.76950469
78	65	6.475703756
78	66	44.36339389
78	67	-22.20367867
78	68	-1.941104841
78	69	105.1066657
78	70	38.92323002
78	71	22.39058964
78	72	0.214743599
78	73	-11.04604652
78	74	-235.0991329
78	75	27.81444241
78	76	-281.2472705
78	77	245.0267121
78	78	262.3120448
78	79	-406.6587178
78	80	-26.30937043
78	81	15.45417196
78	82	-7.86E-02
78	83	-11.21030278
78	84	164.7192934
78	85	-34.82892178
78	86	171.9052433
78	87	-175.5276126
78	88	-223.4552673
78	89	175.9609544
79	60	74.12556258
79	61	44.44313874
79	62	2.095251026
79	63	-29.66201326
79	64	-368.1196402
79	65	-103.3769573
79	66	-647.1899096
79	67	309.8384968
79	68	-4.3205081
79	69	-1562.443025
79	70	-141.2406131
79	71	38.09213764
79	72	3.388222307
79	73	-18.87056216
79	74	771.3144292
79	75	71.7810783
79	76	1160.535564
79	77	-730.5821073
79	78	-406.6587178
79	79	2394.170703
79	80	38.71723052
79	81	-24.68056868
79	82	4.154085992
79	83	12.32570794
79	84	-241.2923498
79	85	48.07743525
79	86	-256.7156985
79	87	256.4726212
79	88	319.8313168
79	89	-278.8485119
80	70	-3.815581404
80	71	-2.319702382
80	72	-0.174996253
80	73	1.45636422
80	74	23.12567694
80	75	-2.922288973
80	76	27.37591697
80	77	-24.16840101
80	78	-26.30937043
80	79	38.71723052
80	80	9.298394008
80	81	-2.03E-02
80	82	3.24E-02
80	83	1.36E-02
80	84	-60.80391381
80	85	21.77840335
80	86	-47.2061942
80	87	65.06595911
80	88	102.8672385
80	89	1.775345994
80	90	-3.821622873
80	91	2.324305151
80	92	-0.177286456
80	93	-1.456395149
80	94	26.54469161
80	95	-15.24159664
80	96	9.807902055
80	97	-28.12280729
80	98	-57.27796359
80	99	-44.0381246
81	70	2.319653625
81	71	1.294454697
81	72	-0.13511387
81	73	-1.135397956
81	74	-13.9903206
81	75	1.590041229
81	76	-16.851306
81	77	14.57441828
81	78	15.45417196
81	79	-24.68056868
81	80	-2.03E-02
81	81	4.892625209
81	82	3.30E-05
81	83	-2.392081361
81	84	-2.194361878
81	85	8.458785389
81	86	12.2733526
81	87	2.577402521
81	88	21.22182011
81	89	57.41274907
81	90	-2.324345422
81	91	1.297995256
81	92	0.133413031
81	93	-1.13552062
81	94	16.18607214
81	95	-9.479748942
81	96	5.607687776
81	97	-17.11000052
81	98	-35.28014365
81	99	-28.27724848
82	70	-0.174883739
82	71	0.135180442
82	72	0.49149713
82	73	0.573336088
82	74	0.916344059
82	75	0.25485194
82	76	1.688030237
82	77	-0.859716133
82	78	-7.86E-02
82	79	4.154085992
82	80	3.24E-02
82	81	3.30E-05
82	82	2.803789563
82	83	-1.98E-03
82	84	-8.02E-02
82	85	0.187341067
82	86	0.554608445
82	87	-0.318736322
82	88	-0.110192959
82	89	1.699719866
82	90	-0.17737939
82	91	-0.133358044
82	92	0.490731155
82	93	-0.573575633
82	94	1.318114905
82	95	-1.144794629
82	96	-0.291406326
82	97	-1.315821856
82	98	-3.581631535
82	99	-5.158663743
83	70	-1.456509261
83	71	-1.135506145
83	72	-0.573387734
83	73	6.88E-02
83	74	8.976836184
83	75	-1.517318635
83	76	10.00464927
83	77	-9.484270274
83	78	-11.21030278
83	79	12.32570794
83	80	1.36E-02
83	81	-2.392081361
83	82	-1.98E-03
83	83	3.637864595
83	84	1.048788504
83	85	-4.142310572
83	86	-6.04377979
83	87	-1.24554412
83	88	-10.4110324
83	89	-28.26835052
83	90	1.456275348
83	91	-1.135431259
83	92	0.573532975
83	93	6.85E-02
83	94	-10.02658101
83	95	5.35508936
83	96	-4.512561219
83	97	10.70784477
83	98	20.87390593
83	99	13.55428787
84	70	23.84389193
84	71	14.56239607
84	72	1.231817723
84	73	-8.958308996
84	74	-144.5537433
84	75	18.36855759
84	76	-170.955058
84	77	151.0983976
84	78	164.7192934
84	79	-241.2923498
84	80	-60.80391381
84	81	-2.194361878
84	82	-8.02E-02
84	83	1.048788504
84	84	398.7209377
84	85	-146.4535252
84	86	302.9352524
84	87	-426.7972418
84	88	-682.8900374
84	89	-38.83836799
84	90	26.09205705
84	91	-15.82542172
84	92	1.119027731
84	93	10.0386061
84	94	-181.2490157
84	95	104.1409714
84	96	-66.82813012
84	97	192.0100316
84	98	391.2317925
84	99	301.233766
85	70	-4.922668749
85	71	-3.182583452
85	72	-0.621935825
85	73	1.468149411
85	74	29.94827752
85	75	-4.076013352
85	76	34.9774183
85	77	-31.37518505
85	78	-34.82892178
85	79	48.07743525
85	80	21.77840335
85	81	8.458785389
85	82	0.187341067
85	83	-4.142310572
85	84	-146.4535252
85	85	65.80233516
85	86	-89.3766113
85	87	157.1017097
85	88	278.2008587
85	89	104.0517517
85	90	-13.01499016
85	91	7.706880239
85	92	-0.168333009
85	93	-5.41048956
85	94	90.47574636
85	95	-52.28559137
85	96	32.75643937
85	97	-95.78539118
85	98	-195.8669404
85	99	-152.6721634
86	70	25.08208528
86	71	15.025534
86	72	0.683526769
86	73	-10.05986146
86	74	-151.8863115
86	75	18.85020352
86	76	-180.3601923
86	77	158.6448532
86	78	171.9052433
86	79	-256.7156985
86	80	-47.2061942
86	81	12.2733526
86	82	0.554608445
86	83	-6.04377979
86	84	302.9352524
86	85	-89.3766113
86	86	270.1153968
86	87	-323.7028551
86	88	-469.0091458
86	89	134.2473995
86	90	13.55384358
86	91	-8.589900434
86	92	1.350466474
86	93	4.420501422
86	94	-94.02010693
86	95	53.4280792
86	96	-35.8561544
86	97	99.72475414
86	98	201.8159454
86	99	151.7145
87	70	-25.38203812
87	71	-15.54088855
87	72	-1.392282714
87	73	9.453658349
87	74	153.9019983
87	75	-19.6164307
87	76	181.9130309
87	77	-160.8857229
87	78	-175.5276126
87	79	256.4726212
87	80	65.06595911
87	81	2.577402521
87	82	-0.318736322
87	83	-1.24554412
87	84	-426.7972418
87	85	157.1017097
87	86	-323.7028551
87	87	456.9196961
87	88	731.8299348
87	89	44.00753793
87	90	-28.00801098
87	91	17.01831536
87	92	-1.26482998
87	93	-10.71153229
87	94	194.54724
87	95	-111.7322141
87	96	71.83078337
87	97	-206.1081152
87	98	-419.842243
87	99	-322.9555202
88	70	-32.04283131
88	71	-20.01885317
88	72	-2.591993177
88	73	11.06899181
88	74	194.5265122
88	75	-25.40817989
88	76	228.9315955
88	77	-203.5147999
88	78	-223.4552673
88	79	319.8313168
88	80	102.8672385
88	81	21.22182011
88	82	-0.110192959
88	83	-10.4110324
88	84	-682.8900374
88	85	278.2008587
88	86	-469.0091458
88	87	731.8299348
88	88	1232.098752
88	89	271.0446587
88	90	-52.48571863
88	91	31.46426307
88	92	-1.479588566
88	93	-20.99365948
88	94	364.7252693
88	95	-210.1555381
88	96	133.2866275
88	97	-386.2571386
88	98	-788.4018844
88	99	-610.7184426
89	70	26.32387697
89	71	14.81483344
89	72	-1.276022024
89	73	-12.62760575
89	74	-158.8393205
89	75	18.24541264
89	76	-191.0078482
89	77	165.5220546
89	78	175.9609544
89	79	-278.8485119
89	80	1.775345994
89	81	57.41274907
89	82	1.699719866
89	83	-28.26835052
89	84	-38.83836799
89	85	104.0517517
89	86	134.2473995
89	87	44.00753793
89	88	271.0446587
89	89	675.1860403
89	90	-28.22965729
89	91	15.69109453
89	92	1.771963426
89	93	-13.94480825
89	94	196.6093584
89	95	-115.2664576
89	96	67.87957772
89	97	-207.8076943
89	98	-428.7652375
89	99	-344.3797833
90	80	-3.821622873
90	81	-2.324345422
90	82	-0.17737939
90	83	1.456275348
90	84	26.09205705
90	85	-13.01499016
90	86	13.55384358
90	87	-28.00801098
90	88	-52.48571863
90	89	-28.22965729
90	90	9.138495821
90	91	-1.68E-02
90	92	6.96E-02
90	93	1.12E-02
90	94	-64.95162059
90	95	46.52620547
90	96	-4.230129916
90	97	65.17074109
90	98	154.4297049
90	99	177.7181299
90	100	-3.826625232
90	101	2.328156539
90	102	-0.179275699
90	103	-1.456300942
90	104	28.00826805
90	105	-25.93335577
90	106	-11.09306529
90	107	-25.28758465
90	108	-74.64324957
90	109	-120.5452695
91	80	2.324305151
91	81	1.297995256
91	82	-0.133358044
91	83	-1.135431259
91	84	-15.82542172
91	85	7.706880239
91	86	-8.589900434
91	87	17.01831536
91	88	31.46426307
91	89	15.69109453
91	90	-1.68E-02
91	91	4.86416222
91	92	2.77E-05
91	93	-2.373040416
91	94	-1.163202429
91	95	8.757646205
91	96	16.92682804
91	97	-2.008445132
91	98	14.9178277
91	99	63.17060046
91	100	-2.328189973
91	101	1.300926852
91	102	0.131949736
91	103	-1.135532814
91	104	17.05862814
91	105	-15.98474867
91	106	-7.194828118
91	107	-15.28041647
91	108	-45.65937055
91	109	-74.79999012
92	80	-0.177286456
92	81	0.133413031
92	82	0.490731155
92	83	0.573532975
92	84	1.119027731
92	85	-0.168333009
92	86	1.350466474
92	87	-1.26482998
92	88	-1.479588566
92	89	1.771963426
92	90	6.96E-02
92	91	2.77E-05
92	92	2.785221314
92	93	-1.64E-03
92	94	-0.371608432
92	95	0.343297123
92	96	0.442483014
92	97	-8.35E-02
92	98	0.159359387
92	99	1.260810012
92	100	-0.179352855
92	101	-0.131904085
92	102	0.490096925
92	103	-0.573731315
92	104	1.34985085
92	105	-1.645879062
92	106	-1.449764682
92	107	-0.965356266
92	108	-4.007711058
92	109	-8.689195924
93	80	-1.456395149
93	81	-1.13552062
93	82	-0.573575633
93	83	6.85E-02
93	84	10.0386061
93	85	-5.41048956
93	86	4.420501422
93	87	-10.71153229
93	88	-20.99365948
93	89	-13.94480825
93	90	1.12E-02
93	91	-2.373040416
93	92	-1.64E-03
93	93	3.620542869
93	94	0.544207497
93	95	-4.269626129
93	96	-8.289536607
93	97	1.004004687
93	98	-7.275290194
93	99	-30.96134445
93	100	1.456201482
93	101	-1.135458625
93	102	0.5736959
93	103	6.82E-02
93	104	-10.62041467
93	105	9.423542572
93	106	3.257648408
93	107	9.852754484
93	108	27.88260108
93	109	42.73065008
94	80	26.54469161
94	81	16.18607214
94	82	1.318114905
94	83	-10.02658101
94	84	-181.2490157
94	85	90.47574636
94	86	-94.02010693
94	87	194.54724
94	88	364.7252693
94	89	196.6093584
94	90	-64.95162059
94	91	-1.163202429
94	92	-0.371608432
94	93	0.544207497
94	94	461.9855963
94	95	-333.0160722
94	96	25.62528562
94	97	-462.7269957
94	98	-1101.6585
94	99	-1279.874141
94	100	27.80654783
94	101	-16.89776904
94	102	1.260819683
94	103	10.62617104
94	104	-203.5279311
94	105	188.483017
94	106	80.68597703
94	107	183.7365678
94	108	542.4449991
94	109	876.2065309
95	80	-15.24159664
95	81	-9.479748942
95	82	-1.144794629
95	83	5.35508936
95	84	104.1409714
95	85	-52.28559137
95	86	53.4280792
95	87	-111.7322141
95	88	-210.1555381
95	89	-115.2664576
95	90	46.52620547
95	91	8.757646205
95	92	0.343297123
95	93	-4.269626129
95	94	-333.0160722
95	95	252.9530138
95	96	9.221070497
95	97	328.3680993
95	98	813.879107
95	99	1020.245953
95	100	-23.72877308
95	101	14.22923916
95	102	-0.678666493
95	103	-9.478926921
95	104	173.7104328
95	105	-161.1826173
95	106	-69.58809549
95	107	-156.6188345
95	108	-463.3004136
95	109	-750.1160139
96	80	9.807902055
96	81	5.607687776
96	82	-0.291406326
96	83	-4.512561219
96	84	-66.82813012
96	85	32.75643937
96	86	-35.8561544
96	87	71.83078337
96	88	133.2866275
96	89	67.87957772
96	90	-4.230129916
96	91	16.92682804
96	92	0.442483014
96	93	-8.289536607
96	94	25.62528562
96	95	9.221070497
96	96	60.88923847
96	97	-36.83511507
96	98	-18.78039297
96	99	138.5864767
96	100	-6.380841262
96	101	3.44288324
96	102	0.616694111
96	103	-3.374825732
96	104	46.77130502
96	105	-44.02807536
96	106	-20.19136825
96	107	-41.76737415
96	108	-125.3976737
96	109	-206.5493249
97	80	-28.12280729
97	81	-17.11000052
97	82	-1.315821856
97	83	10.70784477
97	84	192.0100316
97	85	-95.78539118
97	86	99.72475414
97	87	-206.1081152
97	88	-386.2571386
97	89	-207.8076943
97	90	65.17074109
97	91	-2.008445132
97	92	-8.35E-02
97	93	1.004004687
97	94	-462.7269957
97	95	328.3680993
97	96	-36.83511507
97	97	465.6160792
97	98	1095.617269
97	99	1242.752958
97	100	-26.35106903
97	101	16.12693509
97	102	-1.431164454
97	103	-9.82703611
97	104	192.857112
97	105	-178.4142798
97	106	-76.02435205
97	107	-174.2226516
97	108	-513.8111271
97	109	-828.9097015
98	80	-57.27796359
98	81	-35.28014365
98	82	-3.581631535
98	83	20.87390593
98	84	391.2317925
98	85	-195.8669404
98	86	201.8159454
98	87	-419.842243
98	88	-788.4018844
98	89	-428.7652375
98	90	154.4297049
98	91	14.9178277
98	92	0.159359387
98	93	-7.275290194
98	94	-1101.6585
98	95	813.879107
98	96	-18.78039297
98	97	1095.617269
98	98	2657.560224
98	99	3201.709088
98	100	-71.91503898
98	101	43.48656101
98	102	-2.810007244
98	103	-27.95209034
98	104	526.4101
98	105	-487.8515581
98	106	-209.5059356
98	107	-474.9954681
98	108	-1403.362814
98	109	-2268.819699
99	80	-44.0381246
99	81	-28.27724848
99	82	-5.158663743
99	83	13.55428787
99	84	301.233766
99	85	-152.6721634
99	86	151.7145
99	87	-322.9555202
99	88	-610.7184426
99	89	-344.3797833
99	90	177.7181299
99	91	63.17060046
99	92	1.260810012
99	93	-30.96134445
99	94	-1279.874141
99	95	1020.245953
99	96	138.5864767
99	97	1242.752958
99	98	3201.709088
99	99	4285.04392
99	100	-104.9226872
99	101	62.36047046
99	102	-1.836911852
99	103	-43.120667
99	104	768.1902973
99	105	-713.7051852
99	106	-309.8512159
99	107	-692.0226517
99	108	-2049.781086
99	109	-3323.860837
100	90	-3.826625232
100	91	-2.328189973
100	92	-0.179352855
100	93	1.456201482
100	94	27.80654783
100	95	-23.72877308
100	96	-6.380841262
100	97	-26.35106903
100	98	-71.91503898
100	99	-104.9226872
100	100	9.005882395
100	101	-1.40E-02
100	102	0.100512554
100	103	9.34E-03
100	104	-66.32611552
100	105	70.43045056
100	106	48.20865555
100	107	52.42150535
100	108	182.1518683
100	109	346.9012667
100	110	-3.830781687
100	111	2.331356552
100	112	-0.180928331
100	113	-1.456222954
100	114	28.36266923
100	115	-35.95597975
100	116	-35.12575569
100	117	-17.09799211
100	118	-80.17227019
100	119	-186.5836581
101	90	2.328156539
101	91	1.300926852
101	92	-0.131904085
101	93	-1.135458625
101	94	-16.89776904
101	95	14.22923916
101	96	3.44288324
101	97	16.12693509
101	98	43.48656101
101	99	62.36047046
101	100	-1.40E-02
101	101	4.84055629
101	102	2.28E-05
101	103	-2.357248485
101	104	-0.249466106
101	105	8.200116925
101	106	19.51378155
101	107	-6.412578629
101	108	5.316991327
101	109	55.21883452
101	110	-2.331384505
101	111	1.303362711
101	112	0.130734024
101	113	-1.135543166
101	114	17.25905389
101	115	-22.06786799
101	116	-21.86094879
101	117	-10.20294864
101	118	-48.78429196
101	119	-114.6729723
102	90	-0.179275699
102	91	0.131949736
102	92	0.490096925
102	93	0.5736959
102	94	1.260819683
102	95	-0.678666493
102	96	0.616694111
102	97	-1.431164454
102	98	-2.810007244
102	99	-1.836911852
102	100	0.100512554
102	101	2.28E-05
102	102	2.769821586
102	103	-1.36E-03
102	104	-0.634730287
102	105	0.680701546
102	106	0.749956494
102	107	7.05E-02
102	108	0.722564452
102	109	2.178303717
102	110	-0.180992836
102	111	-0.130695858
102	112	0.489569951
102	113	-0.573860784
102	114	1.335215009
102	115	-2.085114847
102	116	-2.668444055
102	117	-0.384281816
102	118	-3.769269227
102	119	-11.14684574
103	90	-1.456300942
103	91	-1.135532814
103	92	-0.573731315
103	93	6.82E-02
103	94	10.62617104
103	95	-9.478926921
103	96	-3.374825732
103	97	-9.82703611
103	98	-27.95209034
103	99	-43.120667
103	100	9.34E-03
103	101	-2.357248485
103	102	-1.36E-03
103	103	3.606176782
103	104	0.100388178
103	105	-3.982394361
103	106	-9.518690239
103	107	3.149466318
103	108	-2.556733328
103	109	-26.95401669
103	110	1.456139801
103	111	-1.13548114
103	112	0.573831174
103	113	6.80E-02
103	114	-10.78645637
103	115	13.26811822
103	116	12.30729626
103	117	6.939344237
103	118	30.49923075
103	119	68.51933413
104	90	28.00826805
104	91	17.05862814
104	92	1.34985085
104	93	-10.62041467
104	94	-203.5279311
104	95	173.7104328
104	96	46.77130502
104	97	192.857112
104	98	526.4101
104	99	768.1902973
104	100	-66.32611552
104	101	-0.249466106
104	102	-0.634730287
104	103	0.100388178
104	104	488.5052314
104	105	-519.3116403
104	106	-356.4622087
104	107	-385.6304456
104	108	-1341.961208
104	109	-2558.964355
104	110	28.37727433
104	111	-17.27047179
104	112	1.341131702
104	113	10.78672591
104	114	-210.1021061
104	115	266.350271
104	116	260.198954
104	117	126.6576415
104	118	593.8920809
104	119	1382.150826
105	90	-25.93335577
105	91	-15.98474867
105	92	-1.645879062
105	93	9.423542572
105	94	188.483017
105	95	-161.1826173
105	96	-44.02807536
105	97	-178.4142798
105	98	-487.8515581
105	99	-713.7051852
105	100	70.43045056
105	101	8.200116925
105	102	0.680701546
105	103	-3.982394361
105	104	-519.3116403
105	105	565.0685689
105	106	410.6330033
105	107	399.1132816
105	108	1434.179248
105	109	2808.715508
105	110	-33.96672996
105	111	20.48368789
105	112	-1.2120498
105	113	-13.31851584
105	114	251.4821264
105	115	-319.1157116
105	116	-312.2398577
105	117	-151.274305
105	118	-710.8577227
105	119	-1656.220163
106	90	-11.09306529
106	91	-7.194828118
106	92	-1.449764682
106	93	3.257648408
106	94	80.68597703
106	95	-69.58809549
106	96	-20.19136825
106	97	-76.02435205
106	98	-209.5059356
106	99	-309.8512159
106	100	48.20865555
106	101	19.51378155
106	102	0.749956494
106	103	-9.518690239
106	104	-356.4622087
106	105	410.6330033
106	106	337.3480709
106	107	254.9524249
106	108	997.6211681
106	109	2082.473655
106	110	-29.97918216
106	111	17.76280707
106	112	-0.410672718
106	113	-12.43636096
106	114	221.9530359
106	115	-282.1603125
106	116	-276.9085374
106	117	-132.9601605
106	118	-627.3841856
106	119	-1464.852096
107	90	-25.28758465
107	91	-15.28041647
107	92	-0.965356266
107	93	9.852754484
107	94	183.7365678
107	95	-156.6188345
107	96	-41.76737415
107	97	-174.2226516
107	98	-474.9954681
107	99	-692.0226517
107	100	52.42150535
107	101	-6.412578629
107	102	7.05E-02
107	103	3.149466318
107	104	-385.6304456
107	105	399.1132816
107	106	254.9524249
107	107	313.5124348
107	108	1053.190612
107	109	1946.631027
107	110	-19.21383519
107	111	11.88752752
107	112	-1.31194249
107	113	-6.886993962
107	114	142.2608462
107	115	-180.0306306
107	116	-175.3645623
107	117	-86.09864288
107	118	-402.129227
107	119	-933.9542677
108	90	-74.64324957
108	91	-45.65937055
108	92	-4.007711058
108	93	27.88260108
108	94	542.4449991
108	95	-463.3004136
108	96	-125.3976737
108	97	-513.8111271
108	98	-1403.362814
108	99	-2049.781086
108	100	182.1518683
108	101	5.316991327
108	102	0.722564452
108	103	-2.556733328
108	104	-1341.961208
108	105	1434.179248
108	106	997.6211681
108	107	1053.190612
108	108	3691.278556
108	109	7081.681116
108	110	-80.12158854
108	111	48.74336169
108	112	-3.745715841
108	113	-30.50219502
108	114	593.2108032
108	115	-752.0548249
108	116	-734.7354112
108	117	-357.5777445
108	118	-1676.819378
108	119	-3902.606536
109	90	-120.5452695
109	91	-74.79999012
109	92	-8.689195924
109	93	42.73065008
109	94	876.2065309
109	95	-750.1160139
109	96	-206.5493249
109	97	-828.9097015
109	98	-2268.819699
109	99	-3323.860837
109	100	346.9012667
109	101	55.21883452
109	102	2.178303717
109	103	-26.95401669
109	104	-2558.964355
109	105	2808.715508
109	106	2082.473655
109	107	1946.631027
109	108	7081.681116
109	109	14005.71601
109	110	-174.418517
109	111	104.9854111
109	112	-5.808642387
109	113	-68.8261497
109	114	1291.352196
109	115	-1638.970942
109	116	-1604.174744
109	117	-776.4435612
109	118	-3650.228563
109	119	-8506.580317
110	100	-3.830781687
110	101	-2.331384505
110	102	-0.180992836
110	103	1.456139801
110	104	28.37727433
110	105	-33.96672996
110	106	-29.97918216
110	107	-19.21383519
110	108	-80.12158854
110	109	-174.418517
110	110	8.89529774
110	111	-1.17E-02
110	112	0.126281861
110	113	7.81E-03
110	114	-65.40522367
110	115	91.52891098
110	116	104.2389648
110	117	28.57826482
110	118	180.3648863
110	119	475.0036831
110	120	-3.834259729
110	121	2.334034188
110	122	-0.182311051
110	123	-1.456157913
110	124	27.8005748
110	125	-44.56275298
110	126	-59.84154725
110	127	-4.554511541
110	128	-72.37241759
110	129	-228.9148205
111	100	2.331356552
111	101	1.303362711
111	102	-0.130695858
111	103	-1.13548114
111	104	-17.27047179
111	105	20.48368789
111	106	17.76280707
111	107	11.88752752
111	108	48.74336169
111	109	104.9854111
111	110	-1.17E-02
111	111	4.820874276
111	112	1.89E-05
111	113	-2.344080369
111	114	0.498762514
111	115	7.035022517
111	116	20.0898958
111	117	-9.997535655
111	118	-5.540202271
111	119	36.33453499
111	120	-2.334057702
111	121	1.30540099
111	122	0.129716841
111	123	-1.135551992
111	124	16.90501085
111	125	-27.27954472
111	126	-36.90425223
111	127	-2.496629402
111	128	-43.78714134
111	129	-139.9149837
112	100	-0.180928331
112	101	0.130734024
112	102	0.489569951
112	103	0.573831174
112	104	1.341131702
112	105	-1.2120498
112	106	-0.410672718
112	107	-1.31194249
112	108	-3.745715841
112	109	-5.808642387
112	110	0.126281861
112	111	1.89E-05
112	112	2.756979028
112	113	-1.14E-03
112	114	-0.844715728
112	115	1.132135694
112	116	1.454031529
112	117	1.89E-02
112	118	1.204558309
112	119	3.913683444
112	120	-0.182365314
112	121	-0.129684735
112	122	0.48912899
112	123	-0.573969201
112	124	1.284100342
112	125	-2.437304968
112	126	-3.839642835
112	127	0.359178339
112	128	-2.879906507
112	129	-12.06306181
113	100	-1.456222954
113	101	-1.135543166
113	102	-0.573860784
113	103	6.80E-02
113	104	10.78672591
113	105	-13.31851584
113	106	-12.43636096
113	107	-6.886993962
113	108	-30.50219502
113	109	-68.8261497
113	110	7.81E-03
113	111	-2.344080369
113	112	-1.14E-03
113	113	3.594197176
113	114	-0.260822411
113	115	-3.404034516
113	116	-9.768351498
113	117	4.884996914
113	118	2.744451544
113	119	-17.65254305
113	120	1.456087964
113	121	-1.135499815
113	122	0.573944292
113	123	6.79E-02
113	124	-10.59723474
113	125	16.59480387
113	126	21.69750627
113	127	2.326759589
113	128	28.0709111
113	129	85.72781485
114	100	28.36266923
114	101	17.25905389
114	102	1.335215009
114	103	-10.78645637
114	104	-210.1021061
114	105	251.4821264
114	106	221.9530359
114	107	142.2608462
114	108	593.2108032
114	109	1291.352196
114	110	-65.40522367
114	111	0.498762514
114	112	-0.844715728
114	113	-0.260822411
114	114	480.9485571
114	115	-672.3847273
114	116	-764.715058
114	117	-210.9947924
114	118	-1326.679997
114	119	-3489.520884
114	120	27.98790948
114	121	-17.0540063
114	122	1.365874899
114	123	10.59306509
114	124	-202.9310145
114	125	325.2603737
114	126	436.7394576
114	127	33.28571618
114	128	528.3167416
114	129	1670.864966
115	100	-35.95597975
115	101	-22.06786799
115	102	-2.085114847
115	103	13.26811822
115	104	266.350271
115	105	-319.1157116
115	106	-282.1603125
115	107	-180.0306306
115	108	-752.0548249
115	109	-1638.970942
115	110	91.52891098
115	111	7.035022517
115	112	1.132135694
115	113	-3.404034516
115	114	-672.3847273
115	115	952.4242284
115	116	1102.597668
115	117	279.299213
115	118	1848.090511
115	119	4942.615343
115	120	-42.91753568
115	121	25.96922808
115	122	-1.714968713
115	123	-16.63682923
115	124	311.1520137
115	125	-499.0048533
115	126	-670.4609591
115	127	-50.6065299
115	128	-809.7139893
115	129	-2563.048791
116	100	-35.12575569
116	101	-21.86094879
116	102	-2.668444055
116	103	12.30729626
116	104	260.198954
116	105	-312.2398577
116	106	-276.9085374
116	107	-175.3645623
116	108	-734.7354112
116	109	-1604.174744
116	110	104.2389648
116	111	20.0898958
116	112	1.454031529
116	113	-9.768351498
116	114	-764.715058
116	115	1102.597668
116	116	1306.382192
116	117	293.1071801
116	118	2091.355306
116	119	5721.390231
116	120	-54.74755594
116	121	32.84769199
116	122	-1.604269013
116	123	-21.8261238
116	124	396.8753936
116	125	-636.9230393
116	126	-856.425646
116	127	-63.88707854
116	128	-1032.256415
116	129	-3270.913343
117	100	-17.09799211
117	101	-10.20294864
117	102	-0.384281816
117	103	6.939344237
117	104	126.6576415
117	105	-151.274305
117	106	-132.9601605
117	107	-86.09864288
117	108	-357.5777445
117	109	-776.4435612
117	110	28.57826482
117	111	-9.997535655
117	112	1.89E-02
117	113	4.884996914
117	114	-210.9947924
117	115	279.299213
117	116	293.1071801
117	117	112.4465213
117	118	590.6126456
117	119	1450.103004
117	120	-7.465699486
117	121	4.814683936
117	122	-0.917751633
117	123	-2.254003123
117	124	54.17328886
117	125	-86.41138766
117	126	-115.4027335
117	127	-9.513727121
117	128	-141.5454947
117	129	-444.3969753
118	100	-80.17227019
118	101	-48.78429196
118	102	-3.769269227
118	103	30.49923075
118	104	593.8920809
118	105	-710.8577227
118	106	-627.3841856
118	107	-402.129227
118	108	-1676.819378
118	109	-3650.228563
118	110	180.3648863
118	111	-5.540202271
118	112	1.204558309
118	113	2.744451544
118	114	-1326.679997
118	115	1848.090511
118	116	2091.355306
118	117	590.6126456
118	118	3663.657803
118	119	9592.113906
118	120	-75.10792148
118	121	45.96488771
118	122	-4.078810522
118	123	-28.00379115
118	124	544.6140357
118	125	-872.6008124
118	126	-1171.205734
118	127	-89.8009392
118	128	-1418.246731
118	129	-4482.933463
119	100	-186.5836581
119	101	-114.6729723
119	102	-11.14684574
119	103	68.51933413
119	104	1382.150826
119	105	-1656.220163
119	106	-1464.852096
119	107	-933.9542677
119	108	-3902.606536
119	109	-8506.580317
119	110	475.0036831
119	111	36.33453499
119	112	3.913683444
119	113	-17.65254305
119	114	-3489.520884
119	115	4942.615343
119	116	5721.390231
119	117	1450.103004
119	118	9592.113906
119	119	25651.15844
119	120	-222.5607427
119	121	134.8540877
119	122	-9.272732394
119	123	-85.89076398
119	124	1613.59385
119	125	-2587.485333
119	126	-3476.10332
119	127	-262.8730885
119	128	-4199.424373
119	129	-13290.5021
120	110	-3.834259729
120	111	-2.334057702
120	112	-0.182365314
120	113	1.456087964
120	114	27.98790948
120	115	-42.91753568
120	116	-54.74755594
120	117	-7.465699486
120	118	-75.10792148
120	119	-222.5607427
120	120	8.802332954
120	121	-9.87E-03
120	122	0.147943191
120	123	6.61E-03
120	124	-62.71699741
120	125	108.5953438
120	126	158.7217564
120	127	-3.357868795
120	128	148.7672739
120	129	538.498949
120	130	-3.83720122
120	131	2.336298625
120	132	-0.183480169
120	133	-1.456103285
120	134	26.53630511
120	135	-51.3099777
120	136	-83.16466613
120	137	10.91970691
120	138	-51.91824574
120	139	-239.4683665
121	110	2.334034188
121	111	1.30540099
121	112	-0.129684735
121	113	-1.135499815
121	114	-17.0540063
121	115	25.96922808
121	116	32.84769199
121	117	4.814683936
121	118	45.96488771
121	119	134.8540877
121	120	-9.87E-03
121	121	4.804326901
121	122	1.60E-05
121	123	-2.333010042
121	124	1.06767289
121	125	5.512175111
121	126	18.96982071
121	127	-12.42029118
121	128	-15.87749462
121	129	10.74202862
121	130	-2.336318637
121	131	1.307124829
121	132	0.128856749
121	133	-1.135559737
121	134	16.12689482
121	135	-31.35428188
121	136	-51.06887548
121	137	6.967771117
121	138	-31.11124758
121	139	-145.7078177
122	110	-0.182311051
122	111	0.129716841
122	112	0.48912899
122	113	0.573944292
122	114	1.365874899
122	115	-1.714968713
122	116	-1.604269013
122	117	-0.917751633
122	118	-4.078810522
122	119	-9.272732394
122	120	0.147943191
122	121	1.60E-05
122	122	2.746183232
122	123	-9.64E-04
122	124	-0.992424851
122	125	1.626026249
122	126	2.453330441
122	127	-0.288452916
122	128	1.294897556
122	129	5.649420126
122	130	-0.183526352
122	131	-0.128829424
122	132	0.488756054
122	133	-0.574061024
122	134	1.20653743
122	135	-2.690837037
122	136	-4.880665773
122	137	1.188178473
122	138	-1.439405004
122	139	-11.25007415
123	110	-1.456157913
123	111	-1.135551992
123	112	-0.573969201
123	113	6.79E-02
123	114	10.59306509
123	115	-16.63682923
123	116	-21.8261238
123	117	-2.254003123
123	118	-28.00379115
123	119	-85.89076398
123	120	6.61E-03
123	121	-2.333010042
123	122	-9.64E-04
123	123	3.584126237
123	124	-0.533887839
123	125	-2.656530958
123	126	-9.19773998
123	127	6.049042247
123	128	7.767093226
123	129	-5.139363916
123	130	1.456043752
123	131	-1.13551533
123	132	0.574039825
123	133	6.77E-02
123	134	-10.13435709
123	135	19.22553596
123	136	30.62366975
123	137	-3.453737442
123	138	20.78503435
123	139	91.09120083
124	110	27.8005748
124	111	16.90501085
124	112	1.284100342
124	113	-10.59723474
124	114	-202.9310145
124	115	311.1520137
124	116	396.8753936
124	117	54.17328886
124	118	544.6140357
124	119	1613.59385
124	120	-62.71699741
124	121	1.06767289
124	122	-0.992424851
124	123	-0.533887839
124	124	447.0697067
124	125	-772.5813623
124	126	-1126.929149
124	127	21.34059771
124	128	-1063.261675
124	129	-3834.549018
124	130	26.85133061
124	131	-16.37760876
124	132	1.344422342
124	133	10.12686387
124	134	-185.6989128
124	135	359.0198371
124	136	581.8468381
124	137	-76.3317385
124	138	363.4307461
124	139	1675.736037
125	110	-44.56275298
125	111	-27.27954472
125	112	-2.437304968
125	113	16.59480387
125	114	325.2603737
125	115	-499.0048533
125	116	-636.9230393
125	117	-86.41138766
125	118	-872.6008124
125	119	-2587.485333
125	120	108.5953438
125	121	5.512175111
125	122	1.626026249
125	123	-2.656530958
125	124	-772.5813623
125	125	1346.373986
125	126	1980.637699
125	127	-55.97911343
125	128	1817.021966
125	129	6657.072837
125	130	-50.076426
125	131	30.37173205
125	132	-2.14901137
125	133	-19.25734776
125	134	346.2747864
125	135	-669.7237793
125	136	-1085.760971
125	137	142.8301177
125	138	-677.0369007
125	139	-3125.025162
126	110	-59.84154725
126	111	-36.90425223
126	112	-3.839642835
126	113	21.69750627
126	114	436.7394576
126	115	-670.4609591
126	116	-856.425646
126	117	-115.4027335
126	118	-1171.205734
126	119	-3476.10332
126	120	158.7217564
126	121	18.96982071
126	122	2.453330441
126	123	-9.19773998
126	124	-1126.929149
126	125	1980.637699
126	126	2938.367738
126	127	-110.0469884
126	128	2620.017882
126	129	9755.582724
126	130	-78.51333384
126	131	47.36458798
126	132	-2.838996222
126	133	-30.74182129
126	134	542.8477508
126	135	-1050.290585
126	136	-1703.287445
126	137	224.6428805
126	138	-1060.40414
126	139	-4899.424344
127	110	-4.554511541
127	111	-2.496629402
127	112	0.359178339
127	113	2.326759589
127	114	33.28571618
127	115	-50.6065299
127	116	-63.88707854
127	117	-9.513727121
127	118	-89.8009392
127	119	-262.8730885
127	120	-3.357868795
127	121	-12.42029118
127	122	-0.288452916
127	123	6.049042247
127	124	21.34059771
127	125	-55.97911343
127	126	-110.0469884
127	127	33.42947898
127	128	-16.02101719
127	129	-234.4777821
127	130	7.529130542
127	131	-4.267811806
127	132	-0.299461131
127	133	3.539041499
127	134	-51.98569811
127	135	100.9891603
127	136	164.368839
127	137	-22.30135579
127	138	100.5005062
127	139	469.6101612
128	110	-72.37241759
128	111	-43.78714134
128	112	-2.879906507
128	113	28.0709111
128	114	528.3167416
128	115	-809.7139893
128	116	-1032.256415
128	117	-141.5454947
128	118	-1418.246731
128	119	-4199.424373
128	120	148.7672739
128	121	-15.87749462
128	122	1.294897556
128	123	7.767093226
128	124	-1063.261675
128	125	1817.021966
128	126	2620.017882
128	127	-16.02101719
128	128	2566.204594
128	129	9065.503304
128	130	-57.14233309
128	131	35.27088819
128	132	-3.730661086
128	133	-20.65470284
128	134	395.2946324
128	135	-763.6188029
128	136	-1236.660076
128	137	161.2857481
128	138	-775.2271518
128	139	-3566.480455
129	110	-228.9148205
129	111	-139.9149837
129	112	-12.06306181
129	113	85.72781485
129	114	1670.864966
129	115	-2563.048791
129	116	-3270.913343
129	117	-444.3969753
129	118	-4482.933463
129	119	-13290.5021
129	120	538.498949
129	121	10.74202862
129	122	5.649420126
129	123	-5.139363916
129	124	-3834.549018
129	125	6657.072837
129	126	9755.582724
129	127	-234.4777821
129	128	9065.503304
129	129	32974.67883
129	130	-240.132373
129	131	146.2353291
129	132	-11.53854252
129	133	-91.07818132
129	134	1660.651979
129	135	-3210.953955
129	136	-5204.341288
129	137	683.2740733
129	138	-3249.17831
129	139	-14985.9815
130	120	-3.83720122
130	121	-2.336318637
130	122	-0.183526352
130	123	1.456043752
130	124	26.85133061
130	125	-50.076426
130	126	-78.51333384
130	127	7.529130542
130	128	-57.14233309
130	129	-240.132373
130	130	8.723241417
130	131	-8.45E-03
130	132	0.166374838
130	133	5.66E-03
130	134	-58.77011146
130	135	121.053045
130	136	207.685007
130	137	-39.9079654
130	138	91.17630468
130	139	526.3301178
130	140	-3.83971943
130	141	2.338237098
130	142	-0.184480797
130	143	-1.456056846
130	144	24.7774983
130	145	-56.01903462
130	146	-103.5497892
130	147	27.78719821
130	148	-21.05294666
130	149	-215.6308995
131	120	2.336298625
131	121	1.307124829
131	122	-0.128829424
131	123	-1.13551533
131	124	-16.37760876
131	125	30.37173205
131	126	47.36458798
131	127	-4.267811806
131	128	35.27088819
131	129	146.2353291
131	130	-8.45E-03
131	131	4.79025082
131	132	1.38E-05
131	133	-2.323592297
131	134	1.46518837
131	135	3.847879896
131	136	16.59079587
131	137	-13.589165
131	138	-24.41140096
131	139	-17.10552847
131	140	-2.338254333
131	141	1.308600607
131	142	0.128120574
131	143	-1.135566612
131	144	15.0507648
131	145	-34.18711591
131	146	-63.42321994
131	147	17.25431405
131	148	-12.1439271
131	149	-130.5511535
132	120	-0.183480169
132	121	0.128856749
132	122	0.488756054
132	123	0.574039825
132	124	1.344422342
132	125	-2.14901137
132	126	-2.838996222
132	127	-0.299461131
132	128	-3.730661086
132	129	-11.53854252
132	130	0.166374838
132	131	1.38E-05
132	132	2.73699773
132	133	-8.26E-04
132	134	-1.079559922
132	135	2.10221343
132	136	3.616033891
132	137	-0.839279252
132	138	0.811736786
132	139	6.599875048
132	140	-0.18452057
132	141	-0.128097041
132	142	0.488436782
132	143	-0.574139749
132	144	1.111693148
132	145	-2.844987851
132	146	-5.736827814
132	147	2.029561452
132	148	0.400416148
132	149	-8.771292512
133	120	-1.456103285
133	121	-1.135559737
133	122	-0.574061024
133	123	6.77E-02
133	124	10.12686387
133	125	-19.25734776
133	126	-30.74182129
133	127	3.539041499
133	128	-20.65470284
133	129	-91.07818132
133	130	5.66E-03
133	131	-2.323592297
133	132	-8.26E-04
133	133	3.575558377
133	134	-0.723418726
133	135	-1.844553161
133	136	-8.022404865
133	137	6.601582717
133	138	11.89457766
133	139	8.414243046
133	140	1.456005576
133	141	-1.135528368
133	142	0.574121492
133	143	6.76E-02
133	144	-9.477418342
133	145	21.0846638
133	146	38.47987958
133	147	-9.818260721
133	148	9.447629598
133	149	83.4256948
134	120	26.53630511
134	121	16.12689482
134	122	1.20653743
134	123	-10.13435709
134	124	-185.6989128
134	125	346.2747864
134	126	542.8477508
134	127	-51.98569811
134	128	395.2946324
134	129	1660.651979
134	130	-58.77011146
134	131	1.46518837
134	132	-1.079559922
134	133	-0.723418726
134	134	396.3598758
134	135	-814.394473
134	136	-1394.281445
134	137	264.8599049
134	138	-621.4364257
134	139	-3550.915352
134	140	25.17844204
134	141	-15.36993311
134	142	1.287360183
134	143	9.467652915
134	144	-162.4873368
134	145	367.3135167
134	146	678.8958215
134	147	-182.103235
134	148	138.2704979
134	149	1414.216331
135	120	-51.3099777
135	121	-31.35428188
135	122	-2.690837037
135	123	19.22553596
135	124	359.0198371
135	125	-669.7237793
135	126	-1050.290585
135	127	100.9891603
135	128	-763.6188029
135	129	-3210.953955
135	130	121.053045
135	131	3.847879896
135	132	2.10221343
135	133	-1.844553161
135	134	-814.394473
135	135	1683.159594
135	136	2895.985565
135	137	-565.0803689
135	138	1245.196533
135	139	7290.443529
135	140	-55.21420117
135	141	33.54595017
135	142	-2.49124303
135	143	-21.10571797
135	144	356.2688203
135	145	-805.5889494
135	146	-1489.264769
135	147	399.7961348
135	148	-302.28252
135	149	-3100.208642
136	120	-83.16466613
136	121	-51.06887548
136	122	-4.880665773
136	123	30.62366975
136	124	581.8468381
136	125	-1085.760971
136	126	-1703.287445
136	127	164.368839
136	128	-1236.660076
136	129	-5204.341288
136	130	207.685007
136	131	16.59079587
136	132	3.616033891
136	133	-8.022404865
136	134	-1394.281445
136	135	2895.985565
136	136	5003.521593
136	137	-997.9004444
136	138	2085.600526
136	139	12473.25207
136	140	-99.6141439
136	141	60.28870243
136	142	-4.008844761
136	143	-38.58044964
136	144	642.6823261
136	145	-1453.543609
136	146	-2687.579287
136	147	721.96051
136	148	-543.9934451
136	149	-5591.674165
137	120	10.91970691
137	121	6.967771117
137	122	1.188178473
137	123	-3.453737442
137	124	-76.3317385
137	125	142.8301177
137	126	224.6428805
137	127	-22.30135579
137	128	161.2857481
137	129	683.2740733
137	130	-39.9079654
137	131	-13.589165
137	132	-0.839279252
137	133	6.601582717
137	134	264.8599049
137	135	-565.0803689
137	136	-997.9004444
137	137	221.3473225
137	138	-347.898966
137	139	-2360.597346
137	140	24.23444344
137	141	-14.42505576
137	142	0.470407137
137	143	9.908110791
137	144	-156.2742631
137	145	353.7770171
137	146	654.6094241
137	147	-176.3399861
137	148	130.923394
137	149	1358.762699
138	120	-51.91824574
138	121	-31.11124758
138	122	-1.439405004
138	123	20.78503435
138	124	363.4307461
138	125	-677.0369007
138	126	-1060.40414
138	127	100.5005062
138	128	-775.2271518
138	129	-3249.17831
138	130	91.17630468
138	131	-24.41140096
138	132	0.811736786
138	133	11.89457766
138	134	-621.4364257
138	135	1245.196533
138	136	2085.600526
138	137	-347.898966
138	138	1076.802915
138	139	5586.693323
138	140	-28.19895113
138	141	17.83433253
138	142	-2.734829542
138	143	-9.267992846
138	144	182.1837671
138	145	-410.9825129
138	146	-758.3745147
138	147	202.1575081
138	148	-158.4996165
138	149	-1587.965818
139	120	-239.4683665
139	121	-145.7078177
139	122	-11.25007415
139	123	91.09120083
139	124	1675.736037
139	125	-3125.025162
139	126	-4899.424344
139	127	469.6101612
139	128	-3566.480455
139	129	-14985.9815
139	130	526.3301178
139	131	-17.10552847
139	132	6.599875048
139	133	8.414243046
139	134	-3550.915352
139	135	7290.443529
139	136	12473.25207
139	137	-2360.597346
139	138	5586.693323
139	139	31818.75141
139	140	-223.4187542
139	141	136.7517995
139	142	-12.18613892
139	143	-83.2325111
139	144	1441.938396
139	145	-3259.090894
139	146	-6022.959667
139	147	1614.815033
139	148	-1229.09213
139	149	-12551.36058
140	130	-3.83971943
140	131	-2.338254333
140	132	-0.18452057
140	133	1.456005576
140	134	25.17844204
140	135	-55.21420117
140	136	-99.6141439
140	137	24.23444344
140	138	-28.19895113
140	139	-223.4187542
140	140	8.655152998
140	141	-7.32E-03
140	142	0.18224514
140	143	4.90E-03
140	144	-54.01764357
140	145	128.8436342
140	146	248.4569523
140	147	-77.6930026
140	148	14.01460644
140	149	438.9573916
140	150	3.260388095
140	151	7.803213171
140	152	2.567314891
140	153	-1.56916212
140	154	-15.57520182
140	155	51.34826971
140	156	122.114486
140	157	-63.84933353
140	158	-83.80590434
141	130	2.338237098
141	131	1.308600607
141	132	-0.128097041
141	133	-1.135528368
141	134	-15.36993311
141	135	33.54595017
141	136	60.28870243
141	137	-14.42505576
141	138	17.83433253
141	139	136.7517995
141	140	-7.32E-03
141	141	4.778134882
141	142	1.21E-05
141	143	-2.31548522
141	144	1.711583783
141	145	2.209885917
141	146	13.41301841
141	147	-13.59556058
141	148	-30.40491583
141	149	-43.34837178
141	150	1.925696155
141	151	4.591129123
141	152	1.780729078
141	153	-1.203527651
141	154	-9.204788424
141	155	30.30776746
141	156	72.0442961
141	157	-37.64982627
141	158	-49.40166845
142	130	-0.184480797
142	131	0.128120574
142	132	0.488436782
142	133	0.574121492
142	134	1.287360183
142	135	-2.49124303
142	136	-4.008844761
142	137	0.470407137
142	138	-2.734829542
142	139	-12.18613892
142	140	0.18224514
142	141	1.21E-05
142	142	2.729089386
142	143	-7.15E-04
142	144	-1.113465799
142	145	2.51694946
142	146	4.811892979
142	147	-1.57960276
142	148	-0.29301502
142	149	6.192437319
142	150	3.19E-02
142	151	3.97E-02
142	152	0.572365743
142	153	-0.577669159
142	154	-0.163772473
142	155	0.460164822
142	156	1.027135413
142	157	-0.496519044
142	158	-0.618820646
143	130	-1.456056846
143	131	-1.135566612
143	132	-0.574139749
143	133	6.76E-02
143	134	9.467652915
143	135	-21.10571797
143	136	-38.58044964
143	137	9.908110791
143	138	-9.267992846
143	139	-83.2325111
143	140	4.90E-03
143	141	-2.31548522
143	142	-7.15E-04
143	143	3.568182601
143	144	-0.839708431
143	145	-1.048751902
143	146	-6.466839831
143	147	6.590362553
143	148	14.77723942
143	149	21.13989636
143	150	-1.365892445
143	151	-3.306204642
143	152	-0.519489197
143	153	0.112449702
143	154	6.513357553
143	155	-21.55418277
143	156	-51.32759889
143	157	26.87857159
143	158	35.3131102
144	130	24.7774983
144	131	15.0507648
144	132	1.111693148
144	133	-9.477418342
144	134	-162.4873368
144	135	356.2688203
144	136	642.6823261
144	137	-156.2742631
144	138	182.1837671
144	139	1441.938396
144	140	-54.01764357
144	141	1.711583783
144	142	-1.113465799
144	143	-0.839708431
144	144	337.7103578
144	145	-803.3187883
144	146	-1545.897704
144	147	480.1269423
144	148	-98.06837469
144	149	-2754.58637
144	150	-19.67603433
144	151	-47.09787905
144	152	-15.39695123
144	153	9.368785974
144	154	93.99237172
144	155	-309.8877804
144	156	-736.9750856
144	157	385.345278
144	158	505.7935264
145	130	-56.01903462
145	131	-34.18711591
145	132	-2.844987851
145	133	21.0846638
145	134	367.3135167
145	135	-805.5889494
145	136	-1453.543609
145	137	353.7770171
145	138	-410.9825129
145	139	-3259.090894
145	140	128.8436342
145	141	2.209885917
145	142	2.51694946
145	143	-1.048751902
145	144	-803.3187883
145	145	1919.150818
145	146	3705.25853
145	147	-1163.199035
145	148	193.9189561
145	149	6513.835944
145	150	49.47343803
145	151	118.4006972
145	152	39.04619019
145	153	-23.90502445
145	154	-236.3414662
145	155	779.1566492
145	156	1852.949469
145	157	-968.8349275
145	158	-1271.645912
146	130	-103.5497892
146	131	-63.42321994
146	132	-5.736827814
146	133	38.47987958
146	134	678.8958215
146	135	-1489.264769
146	136	-2687.579287
146	137	654.6094241
146	138	-758.3745147
146	139	-6022.959667
146	140	248.4569523
146	141	13.41301841
146	142	4.811892979
146	143	-6.466839831
146	144	-1545.897704
146	145	3705.25853
146	146	7171.172325
146	147	-2269.23321
146	148	315.7425899
146	149	12478.75504
146	150	99.09843214
146	151	237.1313618
146	152	78.70062273
146	153	-48.39496268
146	154	-473.4171835
146	155	1560.662695
146	156	3711.426131
146	157	-1940.523619
146	158	-2547.008181
147	130	27.78719821
147	131	17.25431405
147	132	2.029561452
147	133	-9.818260721
147	134	-182.103235
147	135	399.7961348
147	136	721.96051
147	137	-176.3399861
147	138	202.1575081
147	139	1614.815033
147	140	-77.6930026
147	141	-13.59556058
147	142	-1.57960276
147	143	6.590362553
147	144	480.1269423
147	145	-1163.199035
147	146	-2269.23321
147	147	736.4718223
147	148	-38.91673207
147	149	-3817.488112
147	150	-34.7837934
147	151	-83.19977612
147	152	-28.13030618
147	153	17.51640386
147	154	166.1812107
147	155	-547.7576393
147	156	-1302.565241
147	157	681.0103117
147	158	893.8205142
148	130	-21.05294666
148	131	-12.1439271
148	132	0.400416148
148	133	9.447629598
148	134	138.2704979
148	135	-302.28252
148	136	-543.9934451
148	137	130.923394
148	138	-158.4996165
148	139	-1229.09213
148	140	14.01460644
148	141	-30.40491583
148	142	-0.29301502
148	143	14.77723942
148	144	-98.06837469
148	145	193.9189561
148	146	315.7425899
148	147	-38.91673207
148	148	216.1463154
148	149	984.799909
148	150	-6.986619609
148	151	-16.60153898
148	152	-7.289667998
148	153	5.232580005
148	154	33.41328339
148	155	-109.8960838
148	156	-261.131008
148	157	136.4037029
148	158	178.9302355
149	130	-215.6308995
149	131	-130.5511535
149	132	-8.771292512
149	133	83.4256948
149	134	1414.216331
149	135	-3100.208642
149	136	-5591.674165
149	137	1358.762699
149	138	-1587.965818
149	139	-12551.36058
149	140	438.9573916
149	141	-43.34837178
149	142	6.192437319
149	143	21.13989636
149	144	-2754.58637
149	145	6513.835944
149	146	12478.75504
149	147	-3817.488112
149	148	984.799909
149	149	22652.27293
149	150	148.0388334
149	151	354.506154
149	152	113.5979864
149	153	-68.14853239
149	154	-707.1340821
149	155	2331.710341
149	156	5545.549116
149	157	-2899.791031
149	158	-3806.32022
150	140	3.260388095
150	141	1.925696155
150	142	3.19E-02
150	143	-1.365892445
150	144	-19.67603433
150	145	49.47343803
150	146	99.09843214
150	147	-34.7837934
150	148	-6.986619609
150	149	148.0388334
150	150	3.735269607
150	151	8.934137596
150	152	3.039036221
150	153	-1.548536709
150	154	-17.84567342
150	155	58.82032643
150	156	139.8726243
150	157	-73.12717943
150	158	-95.97740394
151	140	7.803213171
151	141	4.591129123
151	142	3.97E-02
151	143	-3.306204642
151	144	-47.09787905
151	145	118.4006972
151	146	237.1313618
151	147	-83.19977612
151	148	-16.60153898
151	149	354.506154
151	150	8.934137596
151	151	21.3816907
151	152	7.069556492
151	153	-3.730415401
151	154	-42.67976622
151	155	140.7032299
151	156	334.611445
151	157	-174.9538692
151	158	-229.6343164
152	140	2.567314891
152	141	1.780729078
152	142	0.572365743
152	143	-0.519489197
152	144	-15.39695123
152	145	39.04619019
152	146	78.70062273
152	147	-28.13030618
152	148	-7.289667998
152	149	113.5979864
152	150	3.039036221
152	151	7.069556492
152	152	5.597114076
152	153	-0.723368867
152	154	-14.58336932
152	155	47.62336115
152	156	112.8671671
152	157	-58.77688154
152	158	-76.95178102
153	140	-1.56916212
153	141	-1.203527651
153	142	-0.577669159
153	143	0.112449702
153	144	9.368785974
153	145	-23.90502445
153	146	-48.39496268
153	147	17.51640386
153	148	5.232580005
153	149	-68.14853239
153	150	-1.548536709
153	151	-3.730415401
153	152	-0.723368867
153	153	3.581726872
153	154	7.38852382
153	155	-24.42042674
153	156	-58.13228942
153	157	30.43170842
153	158	39.97586694
154	140	-15.57520182
154	141	-9.204788424
154	142	-0.163772473
154	143	6.513357553
154	144	93.99237172
154	145	-236.3414662
154	146	-473.4171835
154	147	166.1812107
154	148	33.41328339
154	149	-707.1340821
154	150	-17.84567342
154	151	-42.67976622
154	152	-14.58336932
154	153	7.38852382
154	154	85.2610377
154	155	-281.015988
154	156	-668.2381516
154	157	349.3586243
154	158	458.5196302
155	140	51.34826971
155	141	30.30776746
155	142	0.460164822
155	143	-21.55418277
155	144	-309.8877804
155	145	779.1566492
155	146	1560.662695
155	147	-547.7576393
155	148	-109.8960838
155	149	2331.710341
155	150	58.82032643
155	151	140.7032299
155	152	47.62336115
155	153	-24.42042674
155	154	-281.015988
155	155	926.2774044
155	156	2202.682737
155	157	-1151.607709
155	158	-1511.467591
156	140	122.114486
156	141	72.0442961
156	142	1.027135413
156	143	-51.32759889
156	144	-736.9750856
156	145	1852.949469
156	146	3711.426131
156	147	-1302.565241
156	148	-261.131008
156	149	5545.549116
156	150	139.8726243
156	151	334.611445
156	152	112.8671671
156	153	-58.13228942
156	154	-668.2381516
156	155	2202.682737
156	156	5238.013915
156	157	-2738.569214
156	158	-3594.353638
157	140	-63.84933353
157	141	-37.64982627
157	142	-0.496519044
157	143	26.87857159
157	144	385.345278
157	145	-968.8349275
157	146	-1940.523619
157	147	681.0103117
157	148	136.4037029
157	149	-2899.791031
157	150	-73.12717943
157	151	-174.9538692
157	152	-58.77688154
157	153	30.43170842
157	154	349.3586243
157	155	-1151.607709
157	156	-2738.569214
157	157	1431.812
157	158	1879.25777
158	140	-83.80590434
158	141	-49.40166845
158	142	-0.618820646
158	143	35.3131102
158	144	505.7935264
158	145	-1271.645912
158	146	-2547.008181
158	147	893.8205142
158	148	178.9302355
158	149	-3806.32022
158	150	-95.97740394
158	151	-229.6343164
158	152	-76.95178102
158	153	39.97586694
158	154	458.5196302
158	155	-1511.467591
158	156	-3594.353638
158	157	1879.25777
158	158	2466.543463