1	1	-50.87073416
2	1	40.74767444
3	1	-20.40811011
4	1	-0.394405879
5	1	12.93426969
1	2	40.74767444
2	2	-28.56231813
3	2	15.56242625
4	2	-1.44E+00
5	2	-10.33441537
1	3	-2.04E+01
2	3	15.56242625
3	3	-5.853125307
4	3	0.631743939
5	3	3.217211974
1	4	-0.394405879
2	4	-1.438654984
3	4	0.631743939
4	4	2.259363405
5	4	-0.654672515
1	5	12.93426969
2	5	-10.33441537
3	5	3.22E+00
4	5	-0.654672515
5	5	6.24E-01
1	1	3.360673394
2	1	2.14E+00
3	1	0.285238403
4	1	-1.355492379
5	1	-2.049222738
6	1	-2.837621287
7	1	2.31E+00
8	1	-1.385049499
9	1	3.17E-01
10	1	0.625576486
1	2	2.144619433
2	2	1.474666216
3	2	0.406795449
4	2	-0.627167086
5	2	-1.215421056
6	2	-1.75650573
7	2	1.408614932
8	2	-0.808454156
9	2	0.11908477
10	2	0.476797591
1	3	0.285238403
2	3	0.406795449
3	3	0.501341221
4	3	0.391972549
5	3	2.72E-02
6	3	-0.11310706
7	3	5.08E-02
8	3	5.08E-02
9	3	-0.153878058
10	3	0.218306322
1	4	-1.355492379
2	4	-0.627167086
3	4	0.391972549
4	4	1.090935707
5	4	1.053408147
6	4	1.313795246
7	4	-1.11357576
8	4	0.759289346
9	4	-0.331301672
10	4	-7.64E-02
1	5	-2.049222738
2	5	-1.215421056
3	5	2.72E-02
4	5	1.053408147
5	5	1.366451543
6	5	1.871236309
7	5	-1.54302244
8	5	0.970181933
9	5	-2.97E-01
10	5	-0.313703623
1	6	-2.837621287
2	6	-1.75650573
3	6	-0.11310706
4	6	1.313795246
5	6	1.871236309
6	6	2.932753661
7	6	-2.389126057
8	6	1.446052408
9	6	-0.350350178
10	6	-0.619201776
1	7	2.306196415
2	7	1.408614932
3	7	5.08E-02
4	7	-1.11357576
5	7	-1.54302244
6	7	-2.389126057
7	7	1.951869601
8	7	-1.19E+00
9	7	0.307229426
10	7	0.480247593
1	8	-1.385049499
2	8	-0.808454156
3	8	5.08E-02
4	8	0.759289346
5	8	0.970181933
6	8	1.446052408
7	8	-1.192260442
8	8	0.749298852
9	8	-0.228374407
10	8	-0.243542741
1	9	0.316620145
2	9	1.19E-01
3	9	-0.153878058
4	9	-0.331301672
5	9	-2.97E-01
6	9	-3.50E-01
7	9	0.307229426
8	9	-0.228374407
9	9	0.127296761
10	9	-2.13E-02
1	10	0.625576486
2	10	0.476797591
3	10	0.218306322
4	10	-7.64E-02
5	10	-0.313703623
6	10	-0.619201776
7	10	0.480247593
8	10	-0.243542741
9	10	-2.13E-02
10	10	0.23773008
1	1	2.93E+00
2	1	2.39E+00
3	1	1.446136257
4	1	0.350397703
5	1	-6.19E-01
6	1	-2.837118214
7	1	1.756119191
8	1	-1.13E-01
9	1	-1.31E+00
10	1	1.871084123
1	2	2.389238829
2	2	1.951968428
3	2	1.19E+00
4	2	0.30727137
5	2	-0.480237976
6	2	-2.305744499
7	2	1.408268198
8	2	-5.07E-02
9	2	-1.113568537
10	2	1.542884686
1	3	1.45E+00
2	3	1.192334066
3	3	7.49E-01
4	3	2.28E-01
5	3	-0.243534805
6	3	-1.38E+00
7	3	0.808180318
8	3	5.10E-02
9	3	-7.59E-01
10	3	9.70E-01
1	4	3.50E-01
2	4	3.07E-01
3	4	0.228406217
4	4	1.27E-01
5	4	2.13E-02
6	4	-0.316382948
7	4	0.118904825
8	4	0.153964587
9	4	-0.331292024
10	4	0.296467599
1	5	-0.619191263
2	5	-0.480237976
3	5	-2.44E-01
4	5	2.13E-02
5	5	0.237733211
6	5	0.625684791
7	5	-0.476877736
8	5	0.218341223
9	5	7.64E-02
10	5	-0.313742674
1	6	-2.84E+00
2	6	-2.305744499
3	6	-1.384691346
4	6	-0.316382948
5	6	0.625684791
6	6	3.37E+00
7	6	-2.149507184
8	6	0.287123432
9	6	1.356459654
10	6	-2.051814446
1	7	1.76E+00
2	7	1.408268198
3	7	0.808180318
4	7	0.118904825
5	7	-0.476877736
6	7	-2.15E+00
7	7	1.478189105
8	7	-0.408170185
9	7	-0.627840193
10	7	1.217272163
1	8	-0.112912349
2	8	-5.07E-02
3	8	5.10E-02
4	8	0.153964587
5	8	0.218341223
6	8	0.287123432
7	8	-0.408170185
8	8	5.02E-01
9	8	-0.391753283
10	8	2.65E-02
1	9	-1.313788803
2	9	-1.113568537
3	9	-0.759280877
4	9	-0.331292024
5	9	7.64E-02
6	9	1.356459654
7	9	-0.627840193
8	9	-0.391753283
9	9	1.091129501
10	9	-1.05E+00
1	10	1.871084123
2	10	1.542884686
3	10	9.70E-01
4	10	0.296467599
5	10	-0.313742674
6	10	-2.051814446
7	10	1.217272163
8	10	2.65E-02
9	10	-1.053808094
10	10	1.367457652
6	6	4.68E+00
7	6	-8.65E-02
8	6	-1.306218083
9	6	7.24E-02
10	6	-2.81E-02
6	7	-8.65E-02
7	7	2.467698853
8	7	8.83E-03
9	7	-1.2672074
10	7	2.18E-02
6	8	-1.306218083
7	8	8.83E-03
8	8	2.919167619
9	8	-1.18E-02
10	8	-2.487239571
6	9	7.24E-02
7	9	-1.27E+00
8	9	-1.18E-02
9	9	2.563868554
10	9	-1.36E-02
6	10	-2.81E-02
7	10	2.18E-02
8	10	-2.487239571
9	10	-1.36E-02
10	10	3.58E+00
6	6	3.29E+00
7	6	2.094358685
8	6	0.263496924
9	6	-1.35E+00
10	6	-2.025425823
11	6	-2.848228721
12	6	2.315491265
13	6	-1.391978399
14	6	0.320588905
15	6	0.624606785
6	7	2.094358685
7	7	1.437459166
8	7	3.90E-01
9	7	-6.23E-01
10	7	-1.20E+00
11	7	-1.764889937
12	7	1.415951271
13	7	-8.14E-01
14	7	0.122175728
15	7	0.476089803
6	8	0.263496924
7	8	0.390461023
8	8	0.493740145
9	8	3.93E-01
10	8	3.43E-02
11	8	-0.117759351
12	8	5.49E-02
13	8	4.78E-02
14	8	-0.152244627
15	8	0.218017639
6	9	-1.349209257
7	9	-0.622886626
8	9	0.393185064
9	9	1.089407043
10	9	1.050606396
11	9	1.31E+00
12	9	-1.11E+00
13	9	7.59E-01
14	9	-3.31E-01
15	9	-7.63E-02
6	10	-2.025425823
7	10	-1.20E+00
8	10	3.43E-02
9	10	1.050606396
10	10	1.36E+00
11	10	1.873868318
12	10	-1.545354173
13	10	9.72E-01
14	10	-2.98E-01
15	10	-3.13E-01
6	11	-2.85E+00
7	11	-1.764889937
8	11	-1.18E-01
9	11	1.31E+00
10	11	1.87E+00
11	11	2.92808791
12	11	-2.385122977
13	11	1.443230407
14	11	-0.348974611
15	11	-0.619165725
6	12	2.32E+00
7	12	1.42E+00
8	12	5.49E-02
9	12	-1.11309952
10	12	-1.545354173
11	12	-2.385122977
12	12	1.95E+00
13	12	-1.18983387
14	12	0.306040598
15	12	4.80E-01
6	13	-1.39E+00
7	13	-8.14E-01
8	13	4.78E-02
9	13	0.758995021
10	13	9.72E-01
11	13	1.443230407
12	13	-1.18983387
13	13	0.747577956
14	13	-0.227519844
15	13	-0.243548176
6	14	0.320588905
7	14	0.122175728
8	14	-0.152244627
9	14	-3.31E-01
10	14	-2.98E-01
11	14	-0.348974611
12	14	3.06E-01
13	14	-0.227519844
14	14	0.126854926
15	14	-2.13E-02
6	15	6.25E-01
7	15	0.476089803
8	15	0.218017639
9	15	-7.63E-02
10	15	-0.313322426
11	15	-0.619165725
12	15	4.80E-01
13	15	-2.44E-01
14	15	-2.13E-02
15	15	0.237676671
6	6	2.927890607
7	6	2.384950036
8	6	1.443101499
9	6	0.348901061
10	6	-6.19E-01
11	6	-2.849030607
12	6	1.765504555
13	6	-0.118066267
14	6	-1.31E+00
15	6	1.87E+00
6	7	2.384950036
7	7	1.95E+00
8	7	1.19E+00
9	7	0.30597561
10	7	-0.480242668
11	7	-2.316213123
12	7	1.416503729
13	7	-5.52E-02
14	7	-1.113114966
15	7	1.55E+00
6	8	1.443101499
7	8	1.189720563
8	8	7.47E-01
9	8	0.227470408
10	8	-2.44E-01
11	8	-1.392553413
12	8	8.14E-01
13	8	4.76E-02
14	8	-0.759011822
15	8	9.72E-01
6	9	0.348901061
7	9	3.06E-01
8	9	0.227470408
9	9	0.126825227
10	9	2.12E-02
11	9	-0.320974095
12	9	0.122467148
13	9	0.152105908
14	9	-0.331242305
15	9	0.297765975
6	10	-0.619182774
7	10	-4.80E-01
8	10	-0.243561057
9	10	2.12E-02
10	10	2.38E-01
11	10	6.24E-01
12	10	-0.475955235
13	10	2.18E-01
14	10	7.63E-02
15	10	-3.13E-01
6	11	-2.849030607
7	11	-2.316213123
8	11	-1.392553413
9	11	-0.320974095
10	11	0.62442456
11	11	3.280341769
12	11	-2.09E+00
13	11	2.60E-01
14	11	1.347375462
15	11	-2.02E+00
6	12	1.765504555
7	12	1.42E+00
8	12	0.814341625
9	12	1.22E-01
10	12	-4.76E-01
11	12	-2.085632701
12	12	1.43119927
13	12	-3.88E-01
14	12	-0.621612312
15	12	1.194747419
6	13	-1.18E-01
7	13	-5.52E-02
8	13	4.76E-02
9	13	1.52E-01
10	13	0.217959524
11	13	0.260203796
12	13	-0.388070907
13	13	0.492777654
14	13	-0.393597145
15	13	3.55E-02
6	14	-1.31E+00
7	14	-1.113114966
8	14	-7.59E-01
9	14	-3.31E-01
10	14	7.63E-02
11	14	1.35E+00
12	14	-6.22E-01
13	14	-3.94E-01
14	14	1.09E+00
15	14	-1.049847786
6	15	1.874113905
7	15	1.55E+00
8	15	9.72E-01
9	15	2.98E-01
10	15	-3.13E-01
11	15	-2.020725927
12	15	1.19E+00
13	15	3.55E-02
14	15	-1.05E+00
15	15	1.36E+00
11	11	3.63E+00
12	11	-8.47E-02
13	11	-1.01E+00
14	11	7.06E-02
15	11	-3.06E-02
11	12	-8.47E-02
12	12	2.31653827
13	12	8.51E-03
14	12	-1.140001405
15	12	2.15E-02
11	13	-1.006086958
12	13	8.51E-03
13	13	2.792891102
14	13	-1.14E-02
15	13	-2.429494726
11	14	7.06E-02
12	14	-1.14E+00
13	14	-1.14E-02
14	14	2.44E+00
15	14	-1.34E-02
11	15	-3.06E-02
12	15	2.15E-02
13	15	-2.429494726
14	15	-1.34E-02
15	15	3.499487251
11	11	3.203065619
12	11	2.02862911
13	11	2.36E-01
14	11	-1.340258604
15	11	-1.993746364
16	11	-2.86E+00
17	11	2.32677784
18	11	-1.40E+00
19	11	0.325481257
20	11	6.23E-01
11	12	2.02862911
12	12	1.388998374
13	12	3.70E-01
14	12	-0.616765392
15	12	-1.18E+00
16	12	-1.78E+00
17	12	1.42E+00
18	12	-0.820534291
19	12	0.125977867
20	12	0.4751547
11	13	0.235540527
12	13	0.369539585
13	13	4.84E-01
14	13	3.95E-01
15	13	4.35E-02
16	13	-0.123356818
17	13	5.98E-02
18	13	4.43E-02
19	13	-1.50E-01
20	13	0.217633134
11	14	-1.34E+00
12	14	-0.616765392
13	14	3.95E-01
14	14	1.087300915
15	14	1.046672129
16	14	1.312568424
17	14	-1.112571099
18	14	0.758675313
19	14	-3.31E-01
20	14	-7.61E-02
11	15	-1.993746364
12	15	-1.18E+00
13	15	4.35E-02
14	15	1.046672129
15	15	1.346020289
16	15	1.877103553
17	15	-1.55E+00
18	15	9.74E-01
19	15	-0.299009779
20	15	-0.312824955
11	16	-2.86E+00
12	16	-1.775036009
13	16	-1.23E-01
14	16	1.31E+00
15	16	1.877103553
16	16	2.922580094
17	16	-2.380393884
18	16	1.43988983
19	16	-0.347335908
20	16	-0.619141103
11	17	2.32677784
12	17	1.42E+00
13	17	5.98E-02
14	17	-1.11E+00
15	17	-1.55E+00
16	17	-2.380393884
17	17	1.94E+00
18	17	-1.186959011
19	17	3.05E-01
20	17	0.480218725
11	18	-1.400427123
12	18	-0.820534291
13	18	4.43E-02
14	18	0.758675313
15	18	0.974178138
16	18	1.44E+00
17	18	-1.19E+00
18	18	0.745534605
19	18	-2.26E-01
20	18	-0.243566767
11	19	3.25E-01
12	19	1.26E-01
13	19	-1.50E-01
14	19	-3.31E-01
15	19	-2.99E-01
16	19	-3.47E-01
17	19	3.05E-01
18	19	-0.226498223
19	19	0.126322755
20	19	-2.12E-02
11	20	0.623327711
12	20	0.4751547
13	20	0.217633134
14	20	-7.61E-02
15	20	-0.312824955
16	20	-0.619141103
17	20	0.480218725
18	20	-2.44E-01
19	20	-2.12E-02
20	20	0.237610945
11	11	2.92E+00
12	11	2.38E+00
13	11	1.44E+00
14	11	3.47E-01
15	11	-6.19E-01
16	11	-2.86E+00
17	11	1.775458079
18	11	-1.24E-01
19	11	-1.312578691
20	11	1.877272434
11	12	2.38E+00
12	12	1.94E+00
13	12	1.19E+00
14	12	3.05E-01
15	12	-0.480229457
16	12	-2.33E+00
17	12	1.425222674
18	12	-6.00E-02
19	12	-1.112581962
20	12	1.548378461
11	13	1.44E+00
12	13	1.186881442
13	13	7.45E-01
14	13	2.26E-01
15	13	-2.44E-01
16	13	-1.400822354
17	13	0.820835616
18	13	4.41E-02
19	13	-0.758687066
20	13	0.974302468
11	14	0.34728553
12	14	0.304578473
13	14	0.226464348
14	14	0.126302389
15	14	2.12E-02
16	14	-0.325746294
17	14	0.126178333
18	14	1.50E-01
19	14	-3.31E-01
20	14	0.299096391
11	15	-6.19E-01
12	15	-4.80E-01
13	15	-0.243575629
14	15	2.12E-02
15	15	0.23760742
16	15	0.623201926
17	15	-4.75E-01
18	15	0.217593056
19	15	7.61E-02
20	15	-3.13E-01
11	16	-2.861639107
12	16	-2.327273766
13	16	-1.400822354
14	16	-0.325746294
15	16	6.23E-01
16	16	3.19E+00
17	16	-2.022574034
18	16	2.33E-01
19	16	1.338979794
20	16	-1.99E+00
11	17	1.78E+00
12	17	1.425222674
13	17	0.820835616
14	17	0.126178333
15	17	-0.475061828
16	17	-2.022574034
17	17	1.38E+00
18	17	-0.367884841
19	17	-0.615876843
20	17	1.17E+00
11	18	-0.12356741
12	18	-6.00E-02
13	18	4.41E-02
14	18	1.50E-01
15	18	0.217593056
16	18	0.233259647
17	18	-3.68E-01
18	18	0.483485861
19	18	-0.395254357
20	18	4.44E-02
11	19	-1.312578691
12	19	-1.11E+00
13	19	-7.59E-01
14	19	-0.331165722
15	19	7.61E-02
16	19	1.34E+00
17	19	-6.16E-01
18	19	-0.395254357
19	19	1.087042153
20	19	-1.05E+00
11	20	1.88E+00
12	20	1.55E+00
13	20	9.74E-01
14	20	2.99E-01
15	20	-3.13E-01
16	20	-1.99E+00
17	20	1.172776983
18	20	4.44E-02
19	20	-1.046143082
20	20	1.344740068
16	16	2.84E+00
17	16	-5.65E-02
18	16	-7.89E-01
19	16	4.70E-02
20	16	-2.36E-02
16	17	-5.65E-02
17	17	2.199909869
18	17	5.63E-03
19	17	-1.04E+00
20	17	1.44E-02
16	18	-0.788831665
17	18	5.63E-03
18	18	2.70E+00
19	18	-7.55E-03
20	18	-2.388338237
16	19	4.70E-02
17	19	-1.04E+00
18	19	-7.55E-03
19	19	2.35E+00
20	19	-8.95E-03
16	20	-2.36E-02
17	20	1.44E-02
18	20	-2.388338237
19	20	-8.95E-03
20	20	3.436215585
16	16	3.14E+00
17	16	1.984233987
18	16	0.216672518
19	16	-1.33E+00
20	16	-1.972332842
21	16	-2.87E+00
22	16	2.334376054
23	16	-1.41E+00
24	16	3.29E-01
25	16	6.22E-01
16	17	1.984233987
17	17	1.356272875
18	17	0.355421995
19	17	-0.612615383
20	17	-1.159560531
21	17	-1.781865506
22	17	1.430828907
23	17	-8.25E-01
24	17	0.128538795
25	17	0.474523146
16	18	2.17E-01
17	18	3.55E-01
18	18	0.477684692
19	18	3.96E-01
20	18	4.98E-02
21	18	-0.127123712
22	18	6.31E-02
23	18	4.18E-02
24	18	-0.148906702
25	18	2.17E-01
16	19	-1.33E+00
17	19	-6.13E-01
18	19	3.96E-01
19	19	1.085874984
20	19	1.04E+00
21	19	1.312134218
22	19	-1.112216675
23	19	7.58E-01
24	19	-3.31E-01
25	19	-7.60E-02
16	20	-1.97E+00
17	20	-1.159560531
18	20	4.98E-02
19	20	1.04E+00
20	20	1.338095997
21	20	1.879282533
22	20	-1.550159085
23	20	9.76E-01
24	20	-0.299932819
25	20	-0.312489075
16	21	-2.869744936
17	21	-1.781865506
18	21	-1.27E-01
19	21	1.31E+00
20	21	1.88E+00
21	21	2.918876043
22	21	-2.38E+00
23	21	1.44E+00
24	21	-0.346233549
25	21	-6.19E-01
16	22	2.334376054
17	22	1.43E+00
18	22	6.31E-02
19	22	-1.112216675
20	22	-1.55E+00
21	22	-2.38E+00
22	22	1.94E+00
23	22	-1.185025424
24	22	3.04E-01
25	22	4.80E-01
16	23	-1.406115808
17	23	-0.824998826
18	23	4.18E-02
19	23	7.58E-01
20	23	9.76E-01
21	23	1.437643069
22	23	-1.19E+00
23	23	0.744160179
24	23	-2.26E-01
25	23	-2.44E-01
16	24	0.328776794
17	24	0.128538795
18	24	-1.49E-01
19	24	-0.331106036
20	24	-3.00E-01
21	24	-0.346233549
22	24	0.303669334
23	24	-2.26E-01
24	24	0.125964626
25	24	-2.12E-02
16	25	6.22E-01
17	25	4.75E-01
18	25	2.17E-01
19	25	-7.60E-02
20	25	-3.12E-01
21	25	-0.619124934
22	25	4.80E-01
23	25	-0.243579543
24	25	-2.12E-02
25	25	0.237566667
16	16	2.91878503
17	16	2.38E+00
18	16	1.437583589
19	16	0.346199594
20	16	-6.19E-01
21	16	-2.87E+00
22	16	1.78E+00
23	16	-1.27E-01
24	16	-1.31E+00
25	16	1.879396287
16	17	2.377133674
17	17	1.94E+00
18	17	1.184973139
19	17	3.04E-01
20	17	-0.48022069
21	17	-2.33E+00
22	17	1.43E+00
23	17	-6.32E-02
24	17	-1.11E+00
25	17	1.550262287
16	18	1.437583589
17	18	1.184973139
18	18	0.744120919
19	18	0.225788063
20	18	-0.243585512
21	18	-1.406382043
22	18	8.25E-01
23	18	4.17E-02
24	18	-0.758468992
25	18	9.76E-01
16	19	3.46E-01
17	19	0.303639329
18	19	0.225788063
19	19	0.125950903
20	19	2.12E-02
21	19	-0.328955297
22	19	0.128673816
23	19	0.148842482
24	19	-3.31E-01
25	19	3.00E-01
16	20	-6.19E-01
17	20	-4.80E-01
18	20	-0.243585512
19	20	2.12E-02
20	20	0.237564293
21	20	6.22E-01
22	20	-4.74E-01
23	20	0.217346423
24	20	7.60E-02
25	20	-3.12E-01
16	21	-2.870116004
17	21	-2.334710145
18	21	-1.41E+00
19	21	-3.29E-01
20	21	0.622379195
21	21	3.136932424
22	21	-1.980161447
23	21	2.15E-01
24	21	1.333331752
25	21	-1.97E+00
16	22	1.78E+00
17	22	1.43E+00
18	22	8.25E-01
19	22	1.29E-01
20	22	-4.74E-01
21	22	-1.98E+00
22	22	1.35E+00
23	22	-3.54E-01
24	22	-6.12E-01
25	22	1.157999005
16	23	-1.27E-01
17	23	-6.32E-02
18	23	4.17E-02
19	23	1.49E-01
20	23	2.17E-01
21	23	2.15E-01
22	23	-3.54E-01
23	23	4.77E-01
24	23	-3.96E-01
25	23	5.03E-02
16	24	-1.31E+00
17	24	-1.112223965
18	24	-0.758468992
19	24	-0.331114391
20	24	7.60E-02
21	24	1.333331752
22	24	-6.12E-01
23	24	-3.96E-01
24	24	1.09E+00
25	24	-1.04E+00
16	25	1.879396287
17	25	1.550262287
18	25	0.975750354
19	25	0.299991143
20	25	-0.312458352
21	25	-1.97E+00
22	25	1.157999005
23	25	5.03E-02
24	25	-1.04E+00
25	25	1.34E+00
21	21	2.32E+00
22	21	-3.88E-02
23	21	-6.42E-01
24	21	3.23E-02
25	21	-1.89E-02
21	22	-3.88E-02
22	22	2.12127195
23	22	3.87E-03
24	22	-0.977464718
25	22	9.89E-03
21	23	-0.642413662
22	23	3.87E-03
23	23	2.64E+00
24	23	-5.20E-03
25	23	-2.36E+00
21	24	3.23E-02
22	24	-9.77E-01
23	24	-5.20E-03
24	24	2.29E+00
25	24	-6.15E-03
21	25	-1.89E-02
22	25	9.89E-03
23	25	-2.36E+00
24	25	-6.15E-03
25	25	3.393537485
21	21	3.101248633
22	21	1.95E+00
23	21	0.20374983
24	21	-1.330044591
25	21	-1.95767789
26	21	-2.88E+00
27	21	2.339586909
28	21	-1.41E+00
29	21	3.31E-01
30	21	6.22E-01
21	22	1.95E+00
22	22	1.33E+00
23	22	3.46E-01
24	22	-0.609779419
25	22	-1.148925522
26	22	-1.786549544
27	22	1.434934069
28	22	-0.828060451
29	22	0.130294561
30	22	0.474090833
21	23	2.04E-01
22	23	0.345752016
23	23	4.73E-01
24	23	3.97E-01
25	23	5.41E-02
26	23	-0.129707597
27	23	6.53E-02
28	23	4.02E-02
29	23	-1.48E-01
30	23	2.17E-01
21	24	-1.330044591
22	24	-6.10E-01
23	24	3.97E-01
24	24	1.084899815
25	24	1.04E+00
26	24	1.31E+00
27	24	-1.111973083
28	24	7.58E-01
29	24	-0.331073381
30	24	-7.60E-02
21	25	-1.95767789
22	25	-1.148925522
23	25	5.41E-02
24	25	1.04E+00
25	25	1.33E+00
26	25	1.88E+00
27	25	-1.55E+00
28	25	0.976686996
29	25	-3.01E-01
30	25	-3.12E-01
21	26	-2.88E+00
22	26	-1.786549544
23	26	-1.30E-01
24	26	1.311835842
25	26	1.880776468
26	26	2.916334175
27	26	-2.375030954
28	26	1.44E+00
29	26	-3.45E-01
30	26	-6.19E-01
21	27	2.34E+00
22	27	1.434934069
23	27	6.53E-02
24	27	-1.111973083
25	27	-1.551484899
26	27	-2.375030954
27	27	1.94E+00
28	27	-1.18E+00
29	27	3.03E-01
30	27	0.480209689
21	28	-1.41E+00
22	28	-8.28E-01
23	28	4.02E-02
24	28	0.758313786
25	28	0.976686996
26	28	1.436101344
27	28	-1.18E+00
28	28	0.743217113
29	28	-0.225339351
30	28	-2.44E-01
21	29	3.31E-01
22	29	0.130294561
23	29	-1.48E-01
24	29	-3.31E-01
25	29	-3.01E-01
26	29	-3.45E-01
27	29	3.03E-01
28	29	-2.25E-01
29	29	0.125718973
30	29	-2.12E-02
21	30	0.621872532
22	30	0.474090833
23	30	2.17E-01
24	30	-7.60E-02
25	30	-3.12E-01
26	30	-6.19E-01
27	30	0.480209689
28	30	-2.44E-01
29	30	-2.12E-02
30	30	2.38E-01
21	21	2.92E+00
22	21	2.374974807
23	21	1.44E+00
24	21	0.34545332
25	21	-0.619119216
26	21	-2.88E+00
27	21	1.79E+00
28	21	-1.30E-01
29	21	-1.31E+00
30	21	1.880856534
21	22	2.374974807
22	22	1.939713141
23	22	1.18E+00
24	22	3.03E-01
25	22	-0.480214776
26	22	-2.339822055
27	22	1.44E+00
28	22	-6.54E-02
29	22	-1.111978218
30	22	1.55E+00
21	23	1.44E+00
22	23	1.183661827
23	23	0.743189483
24	23	0.225323283
25	23	-2.44E-01
26	23	-1.41E+00
27	23	0.828203321
28	23	4.01E-02
29	23	-7.58E-01
30	23	0.976745935
21	24	3.45E-01
22	24	3.03E-01
23	24	0.225323283
24	24	1.26E-01
25	24	2.12E-02
26	24	-3.31E-01
27	24	1.30E-01
28	24	1.48E-01
29	24	-3.31E-01
30	24	3.01E-01
21	25	-6.19E-01
22	25	-4.80E-01
23	25	-2.44E-01
24	25	2.12E-02
25	25	0.237534641
26	25	6.22E-01
27	25	-4.74E-01
28	25	2.17E-01
29	25	7.59E-02
30	25	-0.312237476
21	26	-2.88E+00
22	26	-2.339822055
23	26	-1.410204125
24	26	-3.31E-01
25	26	6.22E-01
26	26	3.10E+00
27	26	-1.95E+00
28	26	0.2026695
29	26	1.329439432
30	26	-1.956131791
21	27	1.79E+00
22	27	1.44E+00
23	27	0.828203321
24	27	1.30E-01
25	27	-4.74E-01
26	27	-1.950971913
27	27	1.331809367
28	27	-3.45E-01
29	27	-6.09E-01
30	27	1.147826104
21	28	-0.129807467
22	28	-6.54E-02
23	28	4.01E-02
24	28	1.48E-01
25	28	0.217176647
26	28	0.2026695
27	28	-3.45E-01
28	28	0.472938901
29	28	-3.97E-01
30	28	5.45E-02
21	29	-1.311840693
22	29	-1.11E+00
23	29	-0.758319345
24	29	-3.31E-01
25	29	7.59E-02
26	29	1.329439432
27	29	-6.09E-01
28	29	-0.397138524
29	29	1.084777376
30	29	-1.04E+00
21	30	1.88E+00
22	30	1.55E+00
23	30	0.976745935
24	30	3.01E-01
25	30	-3.12E-01
26	30	-1.96E+00
27	30	1.15E+00
28	30	5.45E-02
29	30	-1.04E+00
30	30	1.332067916
26	26	1.94E+00
27	26	-2.79E-02
28	26	-5.40E-01
29	26	2.33E-02
30	26	-1.56E-02
26	27	-2.79E-02
27	27	2.066075885
28	27	2.79E-03
29	27	-9.32E-01
30	27	7.12E-03
26	28	-0.539531465
27	28	2.79E-03
28	28	2.60E+00
29	28	-3.74E-03
30	28	-2.341063168
26	29	2.33E-02
27	29	-9.32E-01
28	29	-3.74E-03
29	29	2.249150825
30	29	-4.43E-03
26	30	-1.56E-02
27	30	7.12E-03
28	30	-2.34E+00
29	30	-4.43E-03
30	30	3.36E+00
26	26	3.07E+00
27	26	1.93E+00
28	26	1.94E-01
29	26	-1.33E+00
30	26	-1.95E+00
31	26	-2.88E+00
32	26	2.34E+00
33	26	-1.41E+00
34	26	3.33E-01
35	26	6.21E-01
26	27	1.93203121
27	27	1.32E+00
28	27	3.39E-01
29	27	-6.08E-01
30	27	-1.14E+00
31	27	-1.79E+00
32	27	1.44E+00
33	27	-8.30E-01
34	27	1.32E-01
35	27	0.473780713
26	28	0.194475311
27	28	3.39E-01
28	28	0.470073125
29	28	0.397594183
30	28	5.71E-02
31	28	-1.32E-01
32	28	6.69E-02
33	28	3.90E-02
34	28	-1.47E-01
35	28	0.217068138
26	29	-1.327073517
27	29	-6.08E-01
28	29	3.98E-01
29	29	1.084200721
30	29	1.04087852
31	29	1.31E+00
32	29	-1.11E+00
33	29	7.58E-01
34	29	-3.31E-01
35	29	-7.59E-02
26	30	-1.947166215
27	30	-1.141296835
28	30	5.71E-02
29	30	1.04E+00
30	30	1.33E+00
31	30	1.88E+00
32	30	-1.552437149
33	30	9.77E-01
34	30	-0.301019669
35	30	-3.12E-01
26	31	-2.88E+00
27	31	-1.789914863
28	31	-1.32E-01
29	31	1.311621136
30	31	1.88E+00
31	31	2.91E+00
32	31	-2.37E+00
33	31	1.43E+00
34	31	-0.344933659
35	31	-0.619105439
26	32	2.34E+00
27	32	1.44E+00
28	32	6.69E-02
29	32	-1.111797777
30	32	-1.55E+00
31	32	-2.373462201
32	32	1.94E+00
33	32	-1.182744988
34	32	0.302544823
35	32	4.80E-01
26	33	-1.412819027
27	33	-0.830259894
28	33	3.90E-02
29	33	7.58E-01
30	33	9.77E-01
31	33	1.43E+00
32	33	-1.18E+00
33	33	7.43E-01
34	33	-0.225000487
35	33	-2.44E-01
26	34	3.33E-01
27	34	0.131555641
28	34	-0.147324064
29	34	-3.31E-01
30	34	-0.301019669
31	34	-3.45E-01
32	34	3.03E-01
33	34	-2.25E-01
34	34	1.26E-01
35	34	-2.11E-02
26	35	6.21E-01
27	35	4.74E-01
28	35	2.17E-01
29	35	-7.59E-02
30	35	-0.312094099
31	35	-6.19E-01
32	35	0.480206878
33	35	-2.44E-01
34	35	-2.11E-02
35	35	2.38E-01
26	26	2.91E+00
27	26	2.373420884
28	26	1.43E+00
29	26	3.45E-01
30	26	-0.61910953
31	26	-2.88E+00
32	26	1.79E+00
33	26	-0.131637718
34	26	-1.31E+00
35	26	1.88E+00
26	27	2.373420884
27	27	1.94E+00
28	27	1.18E+00
29	27	3.03E-01
30	27	-4.80E-01
31	27	-2.343503525
32	27	1.4380158
33	27	-6.70E-02
34	27	-1.111801555
35	27	1.55E+00
26	28	1.43E+00
27	28	1.18E+00
28	28	7.43E-01
29	28	2.25E-01
30	28	-0.243597413
31	28	-1.412956917
32	28	0.830365026
33	28	3.89E-02
34	28	-7.58E-01
35	28	0.977463183
26	29	0.344916074
27	29	3.03E-01
28	29	0.224988664
29	29	1.26E-01
30	29	2.11E-02
31	29	-3.33E-01
32	29	1.32E-01
33	29	0.147290802
34	29	-0.331054111
35	29	3.01E-01
26	30	-6.19E-01
27	30	-4.80E-01
28	30	-2.44E-01
29	30	2.11E-02
30	30	0.23751328
31	30	6.21E-01
32	30	-4.74E-01
33	30	2.17E-01
34	30	7.59E-02
35	30	-3.12E-01
26	31	-2.88E+00
27	31	-2.34E+00
28	31	-1.41E+00
29	31	-3.33E-01
30	31	6.21E-01
31	31	3.07E+00
32	31	-1.93E+00
33	31	1.94E-01
34	31	1.33E+00
35	31	-1.946028615
26	32	1.79E+00
27	32	1.4380158
28	32	8.30E-01
29	32	1.32E-01
30	32	-4.74E-01
31	32	-1.93E+00
32	32	1.32E+00
33	32	-0.338234745
34	32	-6.07E-01
35	32	1.14E+00
26	33	-1.32E-01
27	33	-6.70E-02
28	33	3.89E-02
29	33	0.147290802
30	33	0.217054162
31	33	1.94E-01
32	33	-3.38E-01
33	33	4.70E-01
34	33	-3.98E-01
35	33	5.74E-02
26	34	-1.311624705
27	34	-1.11E+00
28	34	-7.58E-01
29	34	-3.31E-01
30	34	7.59E-02
31	34	1.33E+00
32	34	-6.07E-01
33	34	-3.98E-01
34	34	1.08E+00
35	34	-1.04E+00
26	35	1.88E+00
27	35	1.55E+00
28	35	9.77E-01
29	35	3.01E-01
30	35	-3.12E-01
31	35	-1.95E+00
32	35	1.14E+00
33	35	5.74E-02
34	35	-1.04E+00
35	35	1.33E+00
31	31	1.67E+00
32	31	-2.10E-02
33	31	-4.64E-01
34	31	1.75E-02
35	31	-1.33E-02
31	32	-2.10E-02
32	32	2.03E+00
33	32	2.09E-03
34	32	-8.98E-01
35	32	5.34E-03
31	33	-4.64E-01
32	33	2.09E-03
33	33	2.57E+00
34	33	-2.81E-03
35	33	-2.33E+00
31	34	1.75E-02
32	34	-8.98E-01
33	34	-2.81E-03
34	34	2.22E+00
35	34	-3.32E-03
31	35	-1.33E-02
32	35	5.34E-03
33	35	-2.33E+00
34	35	-3.32E-03
35	35	3.34E+00
31	31	3.05E+00
32	31	1.92E+00
33	31	1.88E-01
34	31	-1.32E+00
35	31	-1.93930921
36	31	-2.88E+00
37	31	2.35E+00
38	31	-1.41E+00
39	31	3.34E-01
40	31	6.21E-01
31	32	1.92E+00
32	32	1.31E+00
33	32	3.34E-01
34	32	-6.06E-01
35	32	-1.14E+00
36	32	-1.79E+00
37	32	1.44E+00
38	32	-8.32E-01
39	32	1.32E-01
40	32	4.74E-01
31	33	1.88E-01
32	33	3.34E-01
33	33	4.68E-01
34	33	3.98E-01
35	33	5.94E-02
36	33	-1.33E-01
37	33	6.81E-02
38	33	3.81E-02
39	33	-1.47E-01
40	33	0.216972837
31	34	-1.324854885
32	34	-6.06E-01
33	34	0.398035738
34	34	1.08E+00
35	34	1.04E+00
36	34	1.31E+00
37	34	-1.11E+00
38	34	0.758128185
39	34	-3.31E-01
40	34	-7.59E-02
31	35	-1.94E+00
32	35	-1.14E+00
33	35	5.94E-02
34	35	1.04E+00
35	35	1.33E+00
36	35	1.88E+00
37	35	-1.55E+00
38	35	9.78E-01
39	35	-0.301359519
40	35	-3.12E-01
31	36	-2.88E+00
32	36	-1.79E+00
33	36	-1.33E-01
34	36	1.31E+00
35	36	1.88E+00
36	36	2.913138877
37	36	-2.372287455
38	36	1.43416343
39	36	-3.45E-01
40	36	-6.19E-01
31	37	2.35E+00
32	37	1.44E+00
33	37	6.81E-02
34	37	-1.11E+00
35	37	-1.55E+00
36	37	-2.372287455
37	37	1.94E+00
38	37	-1.18E+00
39	37	3.02E-01
40	37	4.80E-01
31	38	-1.414916425
32	38	-8.32E-01
33	38	3.81E-02
34	38	7.58E-01
35	38	9.78E-01
36	38	1.43E+00
37	38	-1.18E+00
38	38	7.42E-01
39	38	-0.22474678
40	38	-2.44E-01
31	39	0.333873069
32	39	1.32E-01
33	39	-1.47E-01
34	39	-3.31E-01
35	39	-3.01E-01
36	39	-3.45E-01
37	39	0.302192758
38	39	-0.22474678
39	39	1.25E-01
40	39	-2.11E-02
31	40	6.21E-01
32	40	4.74E-01
33	40	2.17E-01
34	40	-7.59E-02
35	40	-3.12E-01
36	40	-6.19E-01
37	40	0.480204711
38	40	-0.243598868
39	40	-2.11E-02
40	40	2.37E-01
31	31	2.91E+00
32	31	2.37E+00
33	31	1.43E+00
34	31	0.344513253
35	31	-0.619102337
36	31	-2.88328664
37	31	1.79E+00
38	31	-1.33E-01
39	31	-1.31E+00
40	31	1.882697493
31	32	2.37E+00
32	32	1.94E+00
33	32	1.18E+00
34	32	3.02E-01
35	32	-4.80E-01
36	32	-2.35E+00
37	32	1.44E+00
38	32	-6.82E-02
39	32	-1.111669244
40	32	1.553190559
31	33	1.43E+00
32	33	1.182010231
33	33	7.42E-01
34	33	2.25E-01
35	33	-2.44E-01
36	33	-1.41502168
37	33	0.831986388
38	33	3.80E-02
39	33	-0.758131308
40	33	9.78E-01
31	34	3.45E-01
32	34	3.02E-01
33	34	2.25E-01
34	34	1.25E-01
35	34	2.11E-02
36	34	-0.333943641
37	34	1.33E-01
38	34	1.47E-01
39	34	-3.31E-01
40	34	3.01E-01
31	35	-6.19E-01
32	35	-0.480207568
33	35	-2.44E-01
34	35	2.11E-02
35	35	0.237497256
36	35	0.621097731
37	35	-4.74E-01
38	35	2.17E-01
39	35	7.59E-02
40	35	-3.12E-01
31	36	-2.88E+00
32	36	-2.35E+00
33	36	-1.42E+00
34	36	-3.34E-01
35	36	6.21E-01
36	36	3.05E+00
37	36	-1.91E+00
38	36	1.87E-01
39	36	1.32E+00
40	36	-1.94E+00
31	37	1.79E+00
32	37	1.44E+00
33	37	0.831986388
34	37	1.33E-01
35	37	-4.74E-01
36	37	-1.91E+00
37	37	1.30E+00
38	37	-3.33E-01
39	37	-6.06E-01
40	37	1.13E+00
31	38	-0.133010235
32	38	-6.82E-02
33	38	3.80E-02
34	38	1.47E-01
35	38	2.17E-01
36	38	1.87E-01
37	38	-3.33E-01
38	38	4.68E-01
39	38	-3.98E-01
40	38	5.97E-02
31	39	-1.31E+00
32	39	-1.11E+00
33	39	-7.58E-01
34	39	-3.31E-01
35	39	7.59E-02
36	39	1.32E+00
37	39	-6.06E-01
38	39	-3.98E-01
39	39	1.08E+00
40	39	-1.04E+00
31	40	1.88E+00
32	40	1.55E+00
33	40	9.78E-01
34	40	3.01E-01
35	40	-3.12E-01
36	40	-1.94E+00
37	40	1.13E+00
38	40	5.97E-02
39	40	-1.04E+00
40	40	1.33E+00
36	36	1.46E+00
37	36	-1.62E-02
38	36	-4.06E-01
39	36	1.35E-02
40	36	-1.16E-02
36	37	-1.62E-02
37	37	1.99E+00
38	37	1.62E-03
39	37	-8.72E-01
40	37	4.14E-03
36	38	-4.06E-01
37	38	1.62E-03
38	38	2.54E+00
39	38	-2.18E-03
40	38	-2.32E+00
36	39	1.35E-02
37	39	-8.72E-01
38	39	-2.18E-03
39	39	2.19E+00
40	39	-2.57E-03
36	40	-1.16E-02
37	40	4.14E-03
38	40	-2.315797718
39	40	-2.57E-03
40	40	3.324820898
36	36	3.03E+00
37	36	1.90E+00
38	36	1.82E-01
39	36	-1.32E+00
40	36	-1.933234285
41	36	-2.89E+00
42	36	2.35E+00
43	36	-1.416539841
44	36	3.35E-01
45	36	6.21E-01
36	37	1.90E+00
37	37	1.30E+00
38	37	0.329605538
39	37	-6.05E-01
40	37	-1.13E+00
41	37	-1.794383988
42	37	1.441799962
43	37	-8.33E-01
44	37	1.33E-01
45	37	4.73E-01
36	38	1.82E-01
37	38	3.30E-01
38	38	0.465852652
39	38	0.398376764
40	38	6.12E-02
41	38	-1.34E-01
42	38	6.91E-02
43	38	3.74E-02
44	38	-1.46E-01
45	38	0.216899152
36	39	-1.323140773
37	39	-6.05E-01
38	39	0.398376764
39	39	1.08E+00
40	39	1.04E+00
41	39	1.31E+00
42	39	-1.11E+00
43	39	0.758066524
44	39	-0.331018228
45	39	-7.58E-02
36	40	-1.933234285
37	40	-1.13E+00
38	40	6.12E-02
39	40	1.04E+00
40	40	1.323632875
41	40	1.883274005
42	40	-1.55E+00
43	40	0.978392536
44	40	-3.02E-01
45	40	-3.12E-01
36	41	-2.89E+00
37	41	-1.79E+00
38	41	-1.34E-01
39	41	1.311335489
40	41	1.883274005
41	41	2.91E+00
42	41	-2.37E+00
43	41	1.43E+00
44	41	-3.44E-01
45	41	-6.19E-01
36	42	2.34830158
37	42	1.44E+00
38	42	6.91E-02
39	42	-1.111564513
40	42	-1.553701259
41	42	-2.37E+00
42	42	1.94E+00
43	42	-1.18E+00
44	42	3.02E-01
45	42	4.80E-01
36	43	-1.416539841
37	43	-0.833180387
38	43	3.74E-02
39	43	7.58E-01
40	43	9.78E-01
41	43	1.43E+00
42	43	-1.181477979
43	43	7.42E-01
44	43	-2.25E-01
45	43	-2.44E-01
36	44	3.35E-01
37	44	1.33E-01
38	44	-1.46E-01
39	44	-3.31E-01
40	44	-3.02E-01
41	44	-0.344211569
42	44	0.301920175
43	44	-2.25E-01
44	44	0.125308036
45	44	-2.11E-02
36	45	6.21E-01
37	45	4.73E-01
38	45	0.216899152
39	45	-7.58E-02
40	45	-3.12E-01
41	45	-0.619094349
42	45	4.80E-01
43	45	-2.44E-01
44	45	-2.11E-02
45	45	2.37E-01
36	36	2.91E+00
37	36	2.371353012
38	36	1.433502428
39	36	3.44E-01
40	36	-6.19E-01
41	36	-2.89E+00
42	36	1.79E+00
43	36	-1.34E-01
44	36	-1.311337631
45	36	1.88E+00
36	37	2.37E+00
37	37	1.936602103
38	37	1.181461725
39	37	3.02E-01
40	37	-4.80E-01
41	37	-2.35E+00
42	37	1.44E+00
43	37	-6.91E-02
44	37	-1.11E+00
45	37	1.55E+00
36	38	1.43E+00
37	38	1.18E+00
38	38	7.42E-01
39	38	2.25E-01
40	38	-2.44E-01
41	38	-1.42E+00
42	38	8.33E-01
43	38	3.74E-02
44	38	-7.58E-01
45	38	9.78E-01
36	39	3.44E-01
37	39	3.02E-01
38	39	2.25E-01
39	39	1.25E-01
40	39	2.11E-02
41	39	-3.35E-01
42	39	1.33E-01
43	39	1.46E-01
44	39	-0.331020826
45	39	3.02E-01
36	40	-6.19E-01
37	40	-4.80E-01
38	40	-2.44E-01
39	40	2.11E-02
40	40	2.37E-01
41	40	0.620859669
42	40	-4.73E-01
43	40	2.17E-01
44	40	7.58E-02
45	40	-3.12E-01
36	41	-2.89E+00
37	41	-2.35E+00
38	41	-1.42E+00
39	41	-3.35E-01
40	41	6.21E-01
41	41	3.03E+00
42	41	-1.90E+00
43	41	1.82E-01
44	41	1.32E+00
45	41	-1.93E+00
36	42	1.79E+00
37	42	1.44E+00
38	42	8.33E-01
39	42	1.33E-01
40	42	-4.73E-01
41	42	-1.90E+00
42	42	1.30E+00
43	42	-3.29E-01
44	42	-6.05E-01
45	42	1.13E+00
36	43	-1.34E-01
37	43	-6.91E-02
38	43	3.74E-02
39	43	1.46E-01
40	43	2.17E-01
41	43	1.82E-01
42	43	-3.29E-01
43	43	4.66E-01
44	43	-3.98E-01
45	43	6.14E-02
36	44	-1.31E+00
37	44	-1.11E+00
38	44	-7.58E-01
39	44	-3.31E-01
40	44	7.58E-02
41	44	1.32E+00
42	44	-6.05E-01
43	44	-3.98E-01
44	44	1.08322068
45	44	-1.039038885
36	45	1.88E+00
37	45	1.553733344
38	45	9.78E-01
39	45	3.02E-01
40	45	-3.12E-01
41	45	-1.93E+00
42	45	1.130699695
43	45	6.14E-02
44	45	-1.04E+00
45	45	1.323365204
41	41	1.30E+00
42	41	-1.29E-02
43	41	-3.61E-01
44	41	1.08E-02
45	41	-1.02E-02
41	42	-1.29E-02
42	42	1.97E+00
43	42	1.29E-03
44	42	-0.851954199
45	42	3.29E-03
41	43	-3.61E-01
42	43	1.29E-03
43	43	2.52E+00
44	43	-1.73E-03
45	43	-2.307209431
41	44	1.08E-02
42	44	-0.851954199
43	44	-1.73E-03
44	44	2.17E+00
45	44	-2.05E-03
41	45	-1.02E-02
42	45	3.29E-03
43	45	-2.307209431
44	45	-2.05E-03
45	45	3.311661444
41	41	3.02E+00
42	41	1.89E+00
43	41	1.78E-01
44	41	-1.32E+00
45	41	-1.928406703
46	41	-2.887577134
47	41	2.35E+00
48	41	-1.417831055
49	41	3.36E-01
50	41	6.21E-01
41	42	1.89E+00
42	42	1.289078884
43	42	0.326413553
44	42	-6.04E-01
45	42	-1.127681296
46	42	-1.80E+00
47	42	1.44E+00
48	42	-8.34E-01
49	42	1.34E-01
50	42	4.73E-01
41	43	0.177909793
42	43	0.326413553
43	43	4.64E-01
44	43	3.99E-01
45	43	6.26E-02
46	43	-1.35E-01
47	43	6.98E-02
48	43	3.68E-02
49	43	-1.46E-01
50	43	2.17E-01
41	44	-1.321779461
42	44	-0.604127328
43	44	3.99E-01
44	44	1.08E+00
45	44	1.04E+00
46	44	1.31E+00
47	44	-1.11E+00
48	44	0.758017418
49	44	-0.331007215
50	44	-7.58E-02
41	45	-1.93E+00
42	45	-1.13E+00
43	45	6.26E-02
44	45	1.038550807
45	45	1.32E+00
46	45	1.88E+00
47	45	-1.55E+00
48	45	9.79E-01
49	45	-3.02E-01
50	45	-3.12E-01
41	46	-2.89E+00
42	46	-1.80E+00
43	46	-0.134886067
44	46	1.31E+00
45	46	1.88E+00
46	46	2.91123647
47	46	-2.37E+00
48	46	1.43E+00
49	46	-3.44E-01
50	46	-6.19E-01
41	47	2.350026797
42	47	1.44E+00
43	47	6.98E-02
44	47	-1.11E+00
45	47	-1.55E+00
46	47	-2.37E+00
47	47	1.94E+00
48	47	-1.18E+00
49	47	0.301703321
50	47	0.4802016
41	48	-1.42E+00
42	48	-8.34E-01
43	48	3.68E-02
44	48	7.58E-01
45	48	9.79E-01
46	48	1.433009726
47	48	-1.18E+00
48	48	7.41E-01
49	48	-0.224394096
50	48	-0.243605116
41	49	3.36E-01
42	49	1.34E-01
43	49	-1.46E-01
44	49	-3.31E-01
45	49	-3.02E-01
46	49	-3.44E-01
47	49	3.02E-01
48	49	-2.24E-01
49	49	1.25E-01
50	49	-2.11E-02
41	50	6.21E-01
42	50	4.73E-01
43	50	2.17E-01
44	50	-7.58E-02
45	50	-3.12E-01
46	50	-6.19E-01
47	50	4.80E-01
48	50	-2.44E-01
49	50	-2.11E-02
50	50	2.37E-01
41	41	2.91E+00
42	41	2.37E+00
43	41	1.43E+00
44	41	3.44E-01
45	41	-0.619092429
46	41	-2.88767008
47	41	1.80E+00
48	41	-1.35E-01
49	41	-1.31E+00
50	41	1.88E+00
41	42	2.37E+00
42	42	1.94E+00
43	42	1.181024975
44	42	3.02E-01
45	42	-4.80E-01
46	42	-2.35E+00
47	42	1.44E+00
48	42	-6.99E-02
49	42	-1.11E+00
50	42	1.55E+00
41	43	1.43E+00
42	43	1.18E+00
43	43	7.41E-01
44	43	2.24E-01
45	43	-2.44E-01
46	43	-1.42E+00
47	43	8.34E-01
48	43	3.68E-02
49	43	-0.758019397
50	43	9.79E-01
41	44	3.44E-01
42	44	3.02E-01
43	44	2.24E-01
44	44	1.25E-01
45	44	2.11E-02
46	44	-3.36E-01
47	44	1.34E-01
48	44	1.46E-01
49	44	-3.31E-01
50	44	3.02E-01
41	45	-6.19E-01
42	45	-4.80E-01
43	45	-2.44E-01
44	45	2.11E-02
45	45	2.37E-01
46	45	6.21E-01
47	45	-4.73E-01
48	45	2.17E-01
49	45	7.58E-02
50	45	-3.12E-01
41	46	-2.89E+00
42	46	-2.35E+00
43	46	-1.42E+00
44	46	-3.36E-01
45	46	6.21E-01
46	46	3.02E+00
47	46	-1.892075019
48	46	0.177525357
49	46	1.32156413
50	46	-1.93E+00
41	47	1.80E+00
42	47	1.44E+00
43	47	8.34E-01
44	47	0.133844446
45	47	-4.73E-01
46	47	-1.89E+00
47	47	1.288347189
48	47	-0.326134633
49	47	-6.04E-01
50	47	1.13E+00
41	48	-1.35E-01
42	48	-6.99E-02
43	48	3.68E-02
44	48	1.46E-01
45	48	0.216833838
46	48	0.177525357
47	48	-3.26E-01
48	48	4.64E-01
49	48	-3.99E-01
50	48	6.28E-02
41	49	-1.311237927
42	49	-1.11148525
43	49	-0.758019397
44	49	-0.331009308
45	49	7.58E-02
46	49	1.32E+00
47	49	-6.04E-01
48	49	-0.398695881
49	49	1.082910498
50	49	-1.038461725
41	50	1.883796767
42	50	1.554165712
43	50	9.79E-01
44	50	3.02E-01
45	50	-3.12E-01
46	50	-1.93E+00
47	50	1.127290079
48	50	6.28E-02
49	50	-1.038461725
50	50	1.321632055
46	46	1.17E+00
47	46	-1.05E-02
48	46	-3.25E-01
49	46	8.77E-03
50	46	-9.17E-03
46	47	-1.05E-02
47	47	1.951043058
48	47	1.05E-03
49	47	-8.36E-01
50	47	2.68E-03
46	48	-3.25E-01
47	48	1.05E-03
48	48	2.506711874
49	48	-1.41E-03
50	48	-2.300294228
46	49	8.77E-03
47	49	-8.36E-01
48	49	-1.41E-03
49	49	2.16E+00
50	49	-1.67E-03
46	50	-9.17E-03
47	50	2.68E-03
48	50	-2.300294228
49	50	-1.67E-03
50	50	3.30E+00
46	46	3.01E+00
47	46	1.88E+00
48	46	0.174442865
49	46	-1.320673692
50	46	-1.924483334
51	46	-2.889175961
52	46	2.351429938
53	46	-1.42E+00
54	46	3.36E-01
55	46	6.21E-01
46	47	1.88E+00
47	47	1.28E+00
48	47	3.24E-01
49	47	-6.03E-01
50	47	-1.12E+00
51	47	-1.797196663
52	47	1.444264793
53	47	-8.35E-01
54	47	1.34E-01
55	47	4.73E-01
46	48	1.74E-01
47	48	3.24E-01
48	48	4.63E-01
49	48	0.398867405
50	48	6.38E-02
51	48	-1.36E-01
52	48	7.04E-02
53	48	3.64E-02
54	48	-1.46E-01
55	48	2.17E-01
46	49	-1.32E+00
47	49	-0.603371229
48	49	3.99E-01
49	49	1.08E+00
50	49	1.04E+00
51	49	1.31E+00
52	49	-1.11E+00
53	49	7.58E-01
54	49	-3.31E-01
55	49	-7.58E-02
46	50	-1.92E+00
47	50	-1.12E+00
48	50	6.38E-02
49	50	1.04E+00
50	50	1.32E+00
51	50	1.88E+00
52	50	-1.55E+00
53	50	9.79E-01
54	50	-3.02E-01
55	50	-3.12E-01
46	51	-2.89E+00
47	51	-1.80E+00
48	51	-1.36E-01
49	51	1.31E+00
50	51	1.88E+00
51	51	2.91E+00
52	51	-2.37E+00
53	51	1.43E+00
54	51	-0.343756961
55	51	-0.619087259
46	52	2.351429938
47	52	1.444264793
48	52	7.04E-02
49	52	-1.111417418
50	52	-1.55449654
51	52	-2.370065304
52	52	1.935496266
53	52	-1.180680211
54	52	0.301526922
55	52	0.48020045
46	53	-1.418881178
47	53	-0.835018196
48	53	3.64E-02
49	53	0.757977439
50	53	0.979004441
51	53	1.432593875
52	53	-1.180680211
53	53	0.741071864
54	53	-0.224266989
55	53	-0.243607346
46	54	0.336167946
47	54	0.134283001
48	54	-0.145892868
49	54	-0.330998233
50	54	-0.302001612
51	54	-0.343756961
52	54	0.301526922
53	54	-0.224266989
54	54	0.125160482
55	54	-2.11E-02
46	55	0.620532727
47	55	0.473111387
48	55	0.21679301
49	55	-7.58E-02
50	55	-0.311737855
51	55	-0.619087259
52	55	0.48020045
53	55	-0.243607346
54	55	-2.11E-02
55	55	0.23746736
46	46	2.910531985
47	46	2.37004888
48	46	1.432581629
49	46	0.343749971
50	46	-0.619088885
51	46	-2.889252359
52	46	1.797255208
53	46	-0.135611478
54	46	-1.311156808
55	46	1.884193647
46	47	2.37004888
47	47	1.94E+00
48	47	1.180669447
49	47	3.02E-01
50	47	-4.80E-01
51	47	-2.351498723
52	47	1.44E+00
53	47	-7.05E-02
54	47	-1.11141892
55	47	1.55E+00
46	48	1.432581629
47	48	1.18E+00
48	48	7.41E-01
49	48	0.224262289
50	48	-2.44E-01
51	48	-1.418935992
52	48	0.835059989
53	48	3.64E-02
54	48	-0.757979066
55	48	0.979021682
46	49	0.343749971
47	49	0.301520745
48	49	0.224262289
49	49	0.125157656
50	49	2.11E-02
51	49	-0.336204699
52	49	0.1343108
53	49	0.145879646
54	49	-0.330999954
55	49	0.302013621
46	50	-0.619088885
47	50	-0.480201938
48	50	-0.243608575
49	50	2.11E-02
50	50	0.237466871
51	50	0.620515293
52	50	-0.473098513
53	50	0.216787455
54	50	7.58E-02
55	50	-0.311731529
46	51	-2.889252359
47	51	-2.351498723
48	51	-1.418935992
49	51	-0.336204699
50	51	0.620515293
51	51	3.006309948
52	51	-1.884110722
53	51	0.174126874
54	51	1.320496699
55	51	-1.924031124
46	52	1.797255208
47	52	1.444317426
48	52	0.835059989
49	52	0.1343108
50	52	-0.473098513
51	52	-1.884110722
52	52	1.282470715
53	52	-0.323589373
54	52	-0.603248248
55	52	1.124511982
46	53	-0.135611478
47	53	-7.05E-02
48	53	3.64E-02
49	53	0.145879646
50	53	0.216787455
51	53	0.174126874
52	53	-0.323589373
53	53	0.463106639
54	53	-0.398907153
55	53	6.39E-02
46	54	-1.311156808
47	54	-1.11141892
48	54	-0.757979066
49	54	-0.330999954
50	54	7.58E-02
51	54	1.320496699
52	54	-0.603248248
53	54	-0.398907153
54	54	1.082657698
55	54	-1.037991264
46	55	1.884193647
47	55	1.554517788
48	55	0.979021682
49	55	0.302013621
50	55	-0.311731529
51	55	-1.924031124
52	55	1.124511982
53	55	6.39E-02
54	55	-1.037991264
55	55	1.320219768
51	51	1.061163263
52	51	-8.73E-03
53	51	-0.294684135
54	51	7.27E-03
55	51	-8.30E-03
51	52	-8.73E-03
52	52	1.935042776
53	52	8.72E-04
54	52	-0.822396292
55	52	2.22E-03
51	53	-0.294684135
52	53	8.72E-04
53	53	2.494136996
54	53	-1.17E-03
55	53	-2.294612847
51	54	7.27E-03
52	54	-0.822396292
53	54	-1.17E-03
54	54	2.147188536
55	54	-1.38E-03
51	55	-8.30E-03
52	55	2.22E-03
53	55	-2.294612847
54	55	-1.38E-03
55	55	3.292371183
51	51	2.998302493
52	51	1.878204178
53	51	0.171571782
54	51	-1.319758567
55	51	-1.921235004
56	51	-2.89050055
57	51	2.352592392
58	51	-1.419751143
59	51	0.336671402
60	51	0.620401583
51	52	1.878204178
52	52	1.278098168
53	52	0.321669634
54	52	-0.602745505
55	52	-1.122475715
56	52	-1.798241857
57	52	1.445180711
58	52	-0.835701083
59	52	0.134674312
60	52	0.47301552
51	53	0.171571782
52	53	0.321669634
53	53	0.462213126
54	53	0.399049341
55	53	6.47E-02
56	53	-0.136159078
57	53	7.09E-02
58	53	3.60E-02
59	53	-0.145687488
60	53	0.216753611
51	54	-1.32E+00
52	54	-0.602745505
53	54	3.99E-01
54	54	1.08E+00
55	54	1.037661974
56	54	1.31E+00
57	54	-1.111362699
58	54	0.75794429
59	54	-3.31E-01
60	54	-7.58E-02
51	55	-1.92E+00
52	55	-1.12E+00
53	55	6.47E-02
54	55	1.04E+00
55	55	1.319196023
56	55	1.884503202
57	55	-1.554792006
58	55	0.979231768
59	55	-0.302142443
60	55	-0.311686817
51	56	-2.89050055
52	56	-1.798241857
53	56	-0.136159078
54	56	1.311088396
55	56	1.884503202
56	56	2.909982488
57	56	-2.369577433
58	56	1.432249292
59	56	-0.343587996
60	56	-0.619084601
51	57	2.352592392
52	57	1.445180711
53	57	7.09E-02
54	57	-1.111362699
55	57	-1.554792006
56	57	-2.369577433
57	57	1.935077133
58	57	-1.180383683
59	57	0.301380763
60	57	0.480199486
51	58	-1.419751143
52	58	-0.835701083
53	58	3.60E-02
54	58	0.75794429
55	58	0.979231768
56	58	1.432249292
57	58	-1.180383683
58	58	0.740861132
59	58	-0.224161673
60	58	-0.243609185
51	59	0.336671402
52	59	0.134674312
53	59	-0.145687488
54	59	-0.330990775
55	59	-0.302142443
56	59	-0.343587996
57	59	0.301380763
58	59	-0.224161673
59	59	0.125105647
60	59	-2.11E-02
51	60	0.620401583
52	60	0.47301552
53	60	0.216753611
54	60	-7.58E-02
55	60	-0.311686817
56	60	-0.619084601
57	60	0.480199486
58	60	-0.243609185
59	60	-2.11E-02
60	60	0.237460596
51	51	2.909966827
52	51	2.369563705
53	51	1.432239058
54	51	0.343582153
55	51	-0.61908596
56	51	-2.890564405
57	51	1.79829079
58	51	-0.136183495
59	51	-1.311089582
60	51	1.884522777
51	52	2.369563705
52	52	1.93506509
53	52	1.180374686
54	52	0.3013756
55	52	-0.480200729
56	52	-2.352649884
57	52	1.445224702
58	52	-7.10E-02
59	52	-1.111363954
60	52	1.554809766
51	53	1.432239058
52	53	1.180374686
53	53	0.740854376
54	53	0.224157745
55	53	-0.243610212
56	53	-1.419796958
57	53	0.835736014
58	53	3.60E-02
59	53	-0.757945649
60	53	0.979246178
51	54	0.343582153
52	54	0.3013756
53	54	0.224157745
54	54	0.125103285
55	54	2.11E-02
56	54	-0.33670212
57	54	0.134697547
58	54	0.145676437
59	54	-0.330992214
60	54	0.30215248
51	55	-0.61908596
52	55	-0.480200729
53	55	-0.243610212
54	55	2.11E-02
55	55	0.237460187
56	55	0.620387011
57	55	-0.47300476
58	55	0.216748968
59	55	7.58E-02
60	55	-0.311681529
51	56	-2.890564405
52	56	-2.352649884
53	56	-1.419796958
54	56	-0.33670212
55	56	0.620387011
56	56	2.997322681
57	56	-1.87750323
58	56	0.171307671
59	56	1.319610635
60	56	-1.92085704
51	57	1.79829079
52	57	1.445224702
53	57	0.835736014
54	57	0.134697547
55	57	-0.47300476
56	57	-1.87750323
57	57	1.277595491
58	57	-0.321478015
59	57	-0.602642716
60	57	1.122206947
51	58	-0.136183495
52	58	-7.10E-02
53	58	3.60E-02
54	58	0.145676437
55	58	2.17E-01
56	58	0.171307671
57	58	-3.21E-01
58	58	4.62E-01
59	58	-0.399082563
60	58	6.48E-02
51	59	-1.311089582
52	59	-1.111363954
53	59	-7.58E-01
54	59	-0.330992214
55	59	7.58E-02
56	59	1.32E+00
57	59	-0.602642716
58	59	-3.99E-01
59	59	1.082447896
60	59	-1.037600775
51	60	1.884522777
52	60	1.554809766
53	60	0.979246178
54	60	0.30215248
55	60	-0.311681529
56	60	-1.92085704
57	60	1.122206947
58	60	6.48E-02
59	60	-1.037600775
60	60	1.319047866
56	56	0.971042946
57	56	-7.35E-03
58	56	-0.269669444
59	56	6.12E-03
60	56	-7.58E-03
56	57	-7.35E-03
57	57	1.92167913
58	57	7.34E-04
59	57	-0.81126349
60	57	1.87E-03
56	58	-0.269669444
57	58	7.34E-04
58	58	2.483630985
59	58	-9.85E-04
60	58	-2.289865966
56	59	6.12E-03
57	59	-0.81126349
58	59	-9.85E-04
59	59	2.136783214
60	59	-1.16E-03
56	60	-7.58E-03
57	60	1.87E-03
58	60	-2.289865966
59	60	-1.16E-03
60	60	3.285104939
56	56	2.99058204
57	56	1.872531136
58	56	0.169156825
59	56	-1.318989256
60	56	-1.918503265
61	56	-2.89161509
62	56	2.3535705
63	56	-1.420483126
64	56	0.337094978
65	56	0.62029129
56	57	1.872531136
57	57	1.273914713
58	57	0.319862004
59	57	-0.602219493
60	57	-1.120492819
61	57	-1.799121318
62	57	1.445951387
63	57	-0.836275666
64	57	0.135003541
65	57	0.472934896
56	58	0.169156825
57	58	0.319862004
58	58	0.461383943
59	58	0.399202262
60	58	6.55E-02
61	58	-0.136644445
62	58	7.14E-02
63	58	3.57E-02
64	58	-0.145514684
65	58	0.216720478
56	59	-1.318989256
57	59	-0.602219493
58	59	0.399202262
59	59	1.082296479
60	59	1.037323572
61	59	1.311031998
62	59	-1.11131663
63	59	0.757916378
64	59	-0.330984488
65	59	-7.58E-02
56	60	-1.918503265
57	60	-1.120492819
58	60	6.55E-02
59	60	1.037323572
60	60	1.318186073
61	60	1.884783351
62	60	-1.555040595
63	60	0.979423023
64	60	-0.302260919
65	60	-0.311643891
56	61	-2.89161509
57	61	-1.799121318
58	61	-0.136644445
59	61	1.311031998
60	61	1.884783351
61	61	2.909504284
62	61	-2.369166861
63	61	1.43195931
64	61	-0.343445809
65	61	-0.619082355
56	62	2.3535705
57	62	1.445951387
58	62	7.14E-02
59	62	-1.11131663
60	62	-1.555040595
61	62	-2.369166861
62	62	1.934724411
63	62	-1.180134142
64	62	0.301257768
65	62	0.480198665
56	63	-1.420483126
57	63	-0.836275666
58	63	3.57E-02
59	63	0.757916378
60	63	0.979423023
61	63	1.43195931
62	63	-1.180134142
63	63	0.740683794
64	63	-0.224073051
65	63	-0.243610726
56	64	0.337094978
57	64	0.135003541
58	64	-0.145514684
59	64	-0.330984488
60	64	-0.302260919
61	64	-0.343445809
62	64	0.301257768
63	64	-0.224073051
64	64	0.125059506
65	64	-2.11E-02
56	65	0.62029129
57	65	0.472934896
58	65	0.216720478
59	65	-7.58E-02
60	65	-0.311643891
61	65	-6.19E-01
62	65	4.80E-01
63	65	-0.243610726
64	65	-2.11E-02
65	65	0.237454904
56	56	2.909491008
57	56	2.37E+00
58	56	1.431950634
59	56	3.43E-01
60	56	-6.19E-01
61	56	-2.891669222
62	56	1.80E+00
63	56	-0.136665145
64	56	-1.311033003
65	56	1.884799946
56	57	2.369155224
57	57	1.934714201
58	57	1.180126516
59	57	0.301253392
60	57	-0.48019972
61	57	-2.353619237
62	57	1.44598868
63	57	-7.14E-02
64	57	-1.111317694
65	57	1.555055651
56	58	1.431950634
57	58	1.180126516
58	58	0.740678067
59	58	0.224069721
60	58	-0.243611597
61	58	-1.420521965
62	58	0.836305278
63	58	3.57E-02
64	58	-0.75791753
65	58	0.979435239
56	59	0.343440856
57	59	0.301253392
58	59	0.224069721
59	59	0.125057504
60	59	2.11E-02
61	59	-0.337121019
62	59	0.135023238
63	59	0.145505316
64	59	-0.330985707
65	59	0.302269428
56	60	-0.619083507
57	60	-0.48019972
58	60	-0.243611597
59	60	2.11E-02
60	60	0.237454558
61	60	0.620278937
62	60	-0.472925775
63	60	0.216716542
64	60	7.58E-02
65	60	-0.311639409
56	61	-2.891669222
57	61	-2.353619237
58	61	-1.420521965
59	61	-0.337121019
60	61	0.620278937
61	61	2.98975143
62	61	-1.871936925
63	61	0.168932932
64	61	1.31886385
65	61	-1.918182856
56	62	1.7991628
57	62	1.44598868
58	62	0.836305278
59	62	0.135023238
60	62	-0.472925775
61	62	-1.871936925
62	62	1.273488581
63	62	-0.319699563
64	62	-0.602132356
65	62	1.120264978
56	63	-0.136665145
57	63	-7.14E-02
58	63	3.57E-02
59	63	0.145505316
60	63	0.216716542
61	63	0.168932932
62	63	-0.319699563
63	63	0.461318633
64	63	-0.399230426
65	63	6.56E-02
56	64	-1.311033003
57	64	-1.111317694
58	64	-0.75791753
59	64	-0.330985707
60	64	7.58E-02
61	64	1.31886385
62	64	-0.602132356
63	64	-0.399230426
64	64	1.082271106
65	64	-1.037271692
56	65	1.884799946
57	65	1.555055651
58	65	0.979435239
59	65	0.302269428
60	65	-0.311639409
61	65	-1.918182856
62	65	1.120264978
63	65	6.56E-02
64	65	-1.037271692
65	65	1.318060477
61	61	0.894678523
62	61	-6.27E-03
63	61	-0.248470663
64	61	5.22E-03
65	61	-6.97E-03
61	62	-6.27E-03
62	62	1.910356843
63	62	6.26E-04
64	62	-0.801830834
65	62	1.60E-03
61	63	-0.248470663
62	63	6.26E-04
63	63	2.474727613
64	63	-8.40E-04
65	63	-2.285843048
61	64	5.22E-03
62	64	-0.801830834
63	64	-8.40E-04
64	64	2.127966575
65	64	-9.93E-04
61	65	-6.97E-03
62	65	1.60E-03
63	65	-2.285843048
64	65	-9.93E-04
65	65	3.278948092
61	61	2.984002234
62	61	1.867696155
63	61	0.167098455
64	61	-1.318333852
65	61	-1.916175275
66	61	-2.892565344
67	61	2.354404423
68	61	-1.421107194
69	61	0.337456087
70	61	0.620197295
61	62	1.867696155
62	62	1.270349197
63	62	3.18E-01
64	62	-0.601771371
65	62	-1.12E+00
66	62	-1.80E+00
67	62	1.446608463
68	62	-8.37E-01
69	62	0.13528422
70	62	0.472866187
61	63	1.67E-01
62	63	0.318321254
63	63	4.61E-01
64	63	3.99E-01
65	63	6.62E-02
66	63	-1.37E-01
67	63	7.17E-02
68	63	3.54E-02
69	63	-0.145367358
70	63	0.216692243
61	64	-1.318333852
62	64	-0.601771371
63	64	0.399332524
64	64	1.082141958
65	64	1.037035256
66	64	1.310983891
67	64	-1.111277334
68	64	0.757892566
69	64	-0.330979119
70	64	-7.57E-02
61	65	-1.916175275
62	65	-1.118802966
63	65	6.62E-02
64	65	1.037035256
65	65	1.317325435
66	65	1.885022189
67	65	-1.555252524
68	65	0.97958607
69	65	-0.302361916
70	65	-0.311607306
61	66	-2.892565344
62	66	-1.79987115
63	66	-0.137058284
64	66	1.310983891
65	66	1.885022189
66	66	2.909096512
67	66	-2.368816762
68	66	1.431712042
69	66	-0.34332457
70	66	-0.619080433
61	67	2.354404423
62	67	1.446608463
63	67	7.17E-02
64	67	-1.111277334
65	67	-1.555252524
66	67	-2.368816762
67	67	1.934423641
68	67	-1.179921359
69	67	0.301152895
70	67	0.48019796
61	68	-1.421107194
62	68	-0.836765544
63	68	3.54E-02
64	68	0.757892566
65	68	0.97958607
66	68	1.431712042
67	68	-1.179921359
68	68	0.74053258
69	68	-0.223997486
70	68	-0.243612035
61	69	0.337456087
62	69	0.13528422
63	69	-0.145367358
64	69	-0.330979119
65	69	-0.302361916
66	69	-0.34332457
67	69	0.301152895
68	69	-0.223997486
69	69	0.125020165
70	69	-2.11E-02
61	70	0.620197295
62	70	0.472866187
63	70	0.216692243
64	70	-7.57E-02
65	70	-0.311607306
66	70	-0.619080433
67	70	0.48019796
68	70	-0.243612035
69	70	-2.11E-02
70	70	0.237450052
61	61	2.90908512
62	61	2.368806776
63	61	1.431704597
64	61	0.34332032
65	61	-0.619081421
66	61	-2.892611792
67	61	1.799906744
68	61	-0.137076046
69	61	-1.310984754
70	61	1.885036428
61	62	2.368806776
62	62	1.934414881
63	62	1.179914815
64	62	0.301149139
65	62	-0.480198865
66	62	-2.354446243
67	62	1.446640463
68	62	-7.17E-02
69	62	-1.111278247
70	62	1.555265443
61	63	1.431704597
62	63	1.179914815
63	63	0.740527666
64	63	0.223994628
65	63	-0.243612783
66	63	-1.42114052
67	63	0.836790953
68	63	3.54E-02
69	63	-0.757893554
70	63	0.979596552
61	64	0.34332032
62	64	0.301149139
63	64	0.223994628
64	64	0.125018447
65	64	2.11E-02
66	64	-0.337478432
67	64	0.135301121
68	64	0.145359319
69	64	-0.330980165
70	64	0.302369217
61	65	-0.619081421
62	65	-0.480198865
63	65	-0.243612783
64	65	2.11E-02
65	65	0.237449755
66	65	0.620186695
67	65	-0.47285836
68	65	0.216688865
69	65	7.57E-02
70	65	-0.31160346
61	66	-2.892611792
62	66	-2.354446243
63	66	-1.42114052
64	66	-0.337478432
65	66	0.620186695
66	66	2.983289521
67	66	-1.87E+00
68	66	0.166906341
69	66	1.32E+00
70	66	-1.92E+00
61	67	1.799906744
62	67	1.45E+00
63	67	0.836790953
64	67	0.135301121
65	67	-4.73E-01
66	67	-1.867186287
67	67	1.27E+00
68	67	-3.18E-01
69	67	-0.601696603
70	67	1.12E+00
61	68	-0.137076046
62	68	-7.17E-02
63	68	3.54E-02
64	68	0.145359319
65	68	0.216688865
66	68	0.166906341
67	68	-0.31818187
68	68	0.460621088
69	68	-0.399356689
70	68	6.63E-02
61	69	-1.310984754
62	69	-1.111278247
63	69	-0.757893554
64	69	-0.330980165
65	69	7.57E-02
66	69	1.318226247
67	69	-0.601696603
68	69	-0.399356689
69	69	1.082120187
70	69	-1.03699074
61	70	1.885036428
62	70	1.555265443
63	70	0.979596552
64	70	0.302369217
65	70	-0.31160346
66	70	-1.915900345
67	70	1.118607465
68	70	6.63E-02
69	70	-1.03699074
70	70	1.317217666
66	66	0.829175805
67	66	-5.41E-03
68	66	-0.230285509
69	66	4.50E-03
70	66	-6.46E-03
66	67	-5.41E-03
67	67	1.90064604
68	67	5.40E-04
69	67	-0.793740412
70	67	1.38E-03
66	68	-0.230285509
67	68	5.40E-04
68	68	2.467089933
69	68	-7.25E-04
70	68	-2.282391922
66	69	4.50E-03
67	69	-0.793740412
68	69	-7.25E-04
69	69	2.120404262
70	69	-8.56E-04
66	70	-6.46E-03
67	70	1.38E-03
68	70	-2.282391922
69	70	-8.56E-04
70	70	3.27366716
66	66	2.978330253
67	66	1.863528194
68	66	0.165323926
69	66	-1.317769059
70	66	-1.914168595
71	66	-2.893384771
72	66	2.355123531
73	66	-1.421645329
74	66	0.337767457
75	66	0.62011627
66	67	1.863528194
67	67	1.267275518
68	67	0.316992946
69	67	-0.601385209
70	67	-1.117346327
71	67	-1.800517754
72	67	1.447175078
73	67	-0.837187972
74	67	0.13552624
75	67	0.472806959
66	68	0.165323926
67	68	0.316992946
68	68	0.46006773
69	68	0.399444762
70	68	6.68E-02
71	68	-0.13741516
72	68	7.20E-02
73	68	3.52E-02
74	68	-0.145240319
75	68	0.216667904
66	69	-1.317769059
67	69	-0.601385209
68	69	0.399444762
69	69	1.082008782
70	69	1.036786786
71	69	1.310942392
72	69	-1.111243433
73	69	0.757872021
74	69	-0.330974483
75	69	-7.57E-02
66	70	-1.914168595
67	70	-1.117346327
68	70	6.68E-02
69	70	1.036786786
70	70	1.316583612
71	70	1.885228132
72	70	-1.555435264
73	70	0.979726657
74	70	-0.302448996
75	70	-0.311575768
66	71	-2.893384771
67	71	-1.800517754
68	71	-0.13741516
69	71	1.310942392
70	71	1.885228132
71	71	2.908744837
72	71	-2.368514827
73	71	1.431498793
74	71	-0.343220015
75	71	-0.61907877
66	72	2.355123531
67	72	1.447175078
68	72	7.20E-02
69	72	-1.111243433
70	72	-1.555435264
71	72	-2.368514827
72	72	1.93416425
73	72	-1.179737852
74	72	0.301062453
75	72	0.480197347
66	73	-1.421645329
67	73	-0.837187972
68	73	3.52E-02
69	73	0.757872021
70	73	0.979726657
71	73	1.43E+00
72	73	-1.179737852
73	73	7.40E-01
74	73	-2.24E-01
75	73	-0.243613161
66	74	3.38E-01
67	74	0.13552624
68	74	-0.145240319
69	74	-3.31E-01
70	74	-0.302448996
71	74	-3.43E-01
72	74	3.01E-01
73	74	-0.22393232
74	74	1.25E-01
75	74	-2.11E-02
66	75	0.62011627
67	75	0.472806959
68	75	0.216667904
69	75	-7.57E-02
70	75	-0.311575768
71	75	-0.61907877
72	75	0.480197347
73	75	-0.243613161
74	75	-2.11E-02
75	75	0.237445868
66	66	2.90873496
67	66	2.368506169
68	66	1.431492338
69	66	0.343216329
70	66	-0.619079627
71	66	-2.893425047
72	66	1.800548618
73	66	-0.137430561
74	66	-1.31094314
75	66	1.885240479
66	67	2.368506169
67	67	1.934156654
68	67	1.179732177
69	67	0.301059196
70	67	-0.480198131
71	67	-2.355159793
72	67	1.447202824
73	67	-7.20E-02
74	67	-1.111244225
75	67	1.555446465
66	68	1.431492338
67	68	1.179732177
68	68	0.740397911
69	68	0.223929842
70	68	-0.243613809
71	68	-1.421674226
72	68	0.837210004
73	68	3.52E-02
74	68	-0.757872878
75	68	0.979735745
66	69	0.343216329
67	69	0.301059196
68	69	0.223929842
69	69	0.124984749
70	69	2.11E-02
71	69	-0.337786832
72	69	0.135540895
73	69	0.145233348
74	69	-0.33097539
75	69	0.302455327
66	70	-0.619079627
67	70	-0.480198131
68	70	-0.243613809
69	70	2.11E-02
70	70	0.237445611
71	70	0.620107079
72	70	-0.472800173
73	70	0.216664975
74	70	7.57E-02
75	70	-0.311572433
66	71	-2.893425047
67	71	-2.355159793
68	71	-1.421674226
69	71	-0.337786832
70	71	0.620107079
71	71	2.977712256
72	71	-1.863086085
73	71	0.165157344
74	71	1.317675753
75	71	-1.913930203
66	72	1.800548618
67	72	1.447202824
68	72	0.837210004
69	72	0.135540895
70	72	-0.472800173
71	72	-1.863086085
72	72	1.266958464
73	72	-0.316872086
74	72	-0.601320377
75	72	1.117176808
66	73	-0.137430561
67	73	-7.20E-02
68	73	3.52E-02
69	73	0.145233348
70	73	0.216664975
71	73	0.165157344
72	73	-0.316872086
73	73	0.460019137
74	73	-0.399465716
75	73	6.69E-02
66	74	-1.31094314
67	74	-1.111244225
68	74	-0.757872878
69	74	-0.33097539
70	74	7.57E-02
71	74	1.317675753
72	74	-0.601320377
73	74	-0.399465716
74	74	1.081989904
75	74	-1.036748186
66	75	1.885240479
67	75	1.555446465
68	75	0.979735745
69	75	0.302455327
70	75	-0.311572433
71	75	-1.913930203
72	75	1.117176808
73	75	6.69E-02
74	75	-1.036748186
75	75	1.316490165
71	71	0.77239394
72	71	-4.71E-03
73	71	-0.214520364
74	71	3.92E-03
75	71	-6.01E-03
71	72	-4.71E-03
72	72	1.892228849
73	72	4.71E-04
74	72	-0.786727533
75	72	1.20E-03
71	73	-0.214520364
72	73	4.71E-04
73	73	2.460468637
74	73	-6.31E-04
75	73	-2.279399982
71	74	3.92E-03
72	74	-0.786727533
73	74	-6.31E-04
74	74	2.113848978
75	74	-7.46E-04
71	75	-6.01E-03
72	75	1.20E-03
73	75	-2.28E+00
74	75	-7.46E-04
75	75	3.27E+00
71	71	2.973392183
72	71	1.859899482
73	71	1.64E-01
74	71	-1.317277484
75	71	-1.91E+00
76	71	-2.89E+00
77	71	2.355749777
78	71	-1.42E+00
79	71	0.338038602
80	71	0.620045731
71	72	1.859899482
72	72	1.264599471
73	72	0.315836406
74	72	-0.601049114
75	72	-1.116078213
76	72	-1.801080867
77	72	1.447668525
78	72	-0.837555845
79	72	0.135736996
80	72	0.472755396
71	73	0.163778891
72	73	0.315836406
73	73	0.459537106
74	73	0.399542439
75	73	6.73E-02
76	73	-0.137725962
77	73	7.23E-02
78	73	3.50E-02
79	73	-0.145129687
80	73	0.216646716
71	74	-1.317277484
72	74	-0.601049114
73	74	0.399542439
74	74	1.081892857
75	74	1.036570517
76	74	1.310906239
77	74	-1.111213899
78	74	0.757854121
79	74	-0.33097044
80	74	-7.57E-02
71	75	-1.912421651
72	75	-1.116078213
73	75	6.73E-02
74	75	1.036570517
75	75	1.315937832
76	75	1.885407472
77	75	-1.555594396
78	75	0.97984908
79	75	-0.302524823
80	75	-0.31154831
71	76	-2.894098386
72	76	-1.801080867
73	76	-0.137725962
74	76	1.310906239
75	76	1.885407472
76	76	2.908438543
77	76	-2.368251855
78	76	1.431313064
79	76	-0.343128954
80	76	-0.619077317
71	77	2.355749777
72	77	1.447668525
73	77	7.23E-02
74	77	-1.111213899
75	77	-1.555594396
76	77	-2.368251855
77	77	1.933938332
78	77	-1.179578026
79	77	0.300983684
80	77	0.480196809
71	78	-1.422113964
72	78	-0.837555845
73	78	3.50E-02
74	78	0.757854121
75	78	0.97984908
76	78	1.431313064
77	78	-1.179578026
78	78	0.740288594
79	78	-0.223875566
80	78	-0.243614139
71	79	0.338038602
72	79	0.135736996
73	79	-0.145129687
74	79	-0.33097044
75	79	-0.302524823
76	79	-0.343128954
77	79	0.300983684
78	79	-0.223875566
79	79	0.124956693
80	79	-2.11E-02
71	80	0.620045731
72	80	0.472755396
73	80	0.216646716
74	80	-7.57E-02
75	80	-0.31154831
76	80	-0.619077317
77	80	0.480196809
78	80	-0.243614139
79	80	-2.11E-02
80	80	0.237442225
71	71	2.908429899
72	71	2.368244277
73	71	1.431307414
74	71	0.343125729
75	71	-0.619078068
76	71	-2.89413363
77	71	1.801107875
78	71	-0.137739439
79	71	-1.310906894
80	71	1.885418277
71	72	2.368244277
72	72	1.933931685
73	72	1.179573061
74	72	0.300980834
75	72	-0.480197496
76	72	-2.355781509
77	72	1.447692806
78	72	-7.23E-02
79	72	-1.111214592
80	72	1.555604198
71	73	1.431307414
72	73	1.179573061
73	73	0.740284866
74	73	0.223873398
75	73	-0.243614706
76	73	-1.422139252
77	73	0.837575125
78	73	3.50E-02
79	73	-0.757854872
80	73	0.979857033
71	74	0.343125729
72	74	0.300980834
73	74	0.223873398
74	74	0.12495539
75	74	2.11E-02
76	74	-0.338055557
77	74	0.135749821
78	74	0.145123587
79	74	-3.31E-01
80	74	0.302530363
71	75	-6.19E-01
72	75	-4.80E-01
73	75	-0.243614706
74	75	2.11E-02
75	75	0.237442
76	75	0.620037688
77	75	-4.73E-01
78	75	0.216644153
79	75	7.57E-02
80	75	-3.12E-01
71	76	-2.89413363
72	76	-2.36E+00
73	76	-1.422139252
74	76	-0.338055557
75	76	0.620037688
76	76	2.972851385
77	76	-1.859512601
78	76	0.163633117
79	76	1.317195835
80	76	-1.912213038
71	77	1.801107875
72	77	1.447692806
73	77	0.837575125
74	77	0.135749821
75	77	-0.472749457
76	77	-1.859512601
77	77	1.264322023
78	77	-0.315730643
79	77	-0.60099238
80	77	1.11592987
71	78	-0.137739439
72	78	-7.23E-02
73	78	3.50E-02
74	78	0.145123587
75	78	0.216644153
76	78	0.163633117
77	78	-0.315730643
78	78	0.459494583
79	78	-0.399560776
80	78	6.74E-02
71	79	-1.310906894
72	79	-1.111214592
73	79	-0.757854872
74	79	-0.330971234
75	79	7.57E-02
76	79	1.317195835
77	79	-0.60099238
78	79	-0.399560776
79	79	1.081876338
80	79	-1.036536739
71	80	1.885418277
72	80	1.555604198
73	80	0.979857033
74	80	0.302530363
75	80	-0.311545392
76	80	-1.912213038
77	80	1.11592987
78	80	6.74E-02
79	80	-1.036536739
80	80	1.315856058
76	76	0.810491017
77	76	6.17E-02
78	76	-0.170266829
79	76	-1.60E-03
80	76	-3.41E-02
76	77	6.17E-02
77	77	2.156652453
78	77	0.523713237
79	77	-0.175800013
80	77	0.3909278
76	78	-0.170266829
77	78	0.523713237
78	78	3.595904875
79	78	1.384360023
80	78	-1.32724802
76	79	-1.60E-03
77	79	-0.175800013
78	79	1.384360023
79	79	3.838710227
80	79	1.254423411
76	80	-3.41E-02
77	80	0.3909278
78	80	-1.32724802
79	80	1.254423411
80	80	4.287563565