1	1	2.464024345
2	1	0.164047652
3	1	-2.509062384
4	1	1.014467095
5	1	8.603566946
1	2	-0.530049538
2	2	3.968346595
3	2	-0.721050581
4	2	6.83E+00
5	2	-4.158664389
1	3	-4.52E+00
2	3	-0.659913114
3	3	-0.892490075
4	3	1.973012624
5	3	14.4679929
1	4	0.644658639
2	4	-4.814085615
3	4	0.327308505
4	4	8.400084416
5	4	-4.428986182
1	5	1.884457375
2	5	1.034554899
3	5	7.23E+00
4	5	2.238805543
5	5	1.18E+01
6	6	0.00E+00
7	6	-7.53E-01
8	6	1.843327716
9	6	0
10	6	-2.249241907
11	6	0
6	7	2.35E+00
7	7	0
8	7	0.00E+00
9	7	-2.772275012
10	7	0.00E+00
11	7	-6.009732362
6	8	0
7	8	4.18E+00
8	8	-0.41957842
9	8	0
10	8	-8.069376309
11	8	0
6	9	-4.525009493
7	9	0
8	9	0
9	9	-5.47E-01
10	9	0
11	9	-10.4105868
6	10	0.00E+00
7	10	-3.805019793
8	10	-4.89E+00
9	10	0.00E+00
10	10	-8.633235763
11	10	0
6	11	2.561324169
7	11	0
8	11	0
9	11	7.27E+00
10	11	0.00E+00
11	11	-9.0615245
12	12	0
13	12	-0.753167415
14	12	1.843327716
15	12	0.00E+00
16	12	-2.249241907
17	12	0
12	13	-2.35E+00
13	13	0
14	13	0
15	13	-2.77E+00
16	13	0.00E+00
17	13	6.01E+00
12	14	0.00E+00
13	14	4.18E+00
14	14	-0.41957842
15	14	0
16	14	-8.069376309
17	14	0
12	15	4.525009493
13	15	0
14	15	0.00E+00
15	15	-0.546867574
16	15	0
17	15	1.04E+01
12	16	0
13	16	-3.81E+00
14	16	-4.89E+00
15	16	0.00E+00
16	16	-8.633235763
17	16	0
12	17	-2.561324169
13	17	0.00E+00
14	17	0.00E+00
15	17	7.269029684
16	17	0
17	17	9.06E+00
18	18	0.00E+00
19	18	0.753167415
20	18	1.843327716
21	18	0.00E+00
22	18	2.249241907
23	18	0.00E+00
18	19	2.352140932
19	19	0.00E+00
20	19	0
21	19	-2.77E+00
22	19	0.00E+00
23	19	-6.009732362
18	20	0.00E+00
19	20	-4.18E+00
20	20	-0.41957842
21	20	0
22	20	8.069376309
23	20	0.00E+00
18	21	-4.525009493
19	21	0.00E+00
20	21	0
21	21	-5.47E-01
22	21	0.00E+00
23	21	-10.4105868
18	22	0
19	22	3.805019793
20	22	-4.89E+00
21	22	0
22	22	8.63E+00
23	22	0.00E+00
18	23	2.561324169
19	23	0
20	23	0.00E+00
21	23	7.269029684
22	23	0
23	23	-9.06E+00
24	24	0.00E+00
25	24	0.753167415
26	24	1.843327716
27	24	0
28	24	2.25E+00
29	24	0
24	25	2.352140932
25	25	0
26	25	0.00E+00
27	25	-2.77E+00
28	25	0
29	25	-6.01E+00
24	26	0.00E+00
25	26	-4.183461039
26	26	-4.20E-01
27	26	0.00E+00
28	26	8.07E+00
29	26	0.00E+00
24	27	-4.525009493
25	27	0.00E+00
26	27	0.00E+00
27	27	-5.47E-01
28	27	0.00E+00
29	27	-1.04E+01
24	28	0.00E+00
25	28	3.81E+00
26	28	-4.89E+00
27	28	0
28	28	8.63E+00
29	28	0
24	29	2.56E+00
25	29	0
26	29	0
27	29	7.27E+00
28	29	0.00E+00
29	29	-9.06E+00
30	30	0
31	30	-0.753167415
32	30	1.843327716
33	30	0
34	30	-2.25E+00
35	30	0
30	31	-2.35E+00
31	31	0
32	31	0.00E+00
33	31	-2.772275012
34	31	0.00E+00
35	31	6.01E+00
30	32	0
31	32	4.183461039
32	32	-0.41957842
33	32	0
34	32	-8.07E+00
35	32	0
30	33	4.525009493
31	33	0
32	33	0.00E+00
33	33	-5.47E-01
34	33	0.00E+00
35	33	1.04E+01
30	34	0.00E+00
31	34	-3.805019793
32	34	-4.890858156
33	34	0.00E+00
34	34	-8.63E+00
35	34	0
30	35	-2.561324169
31	35	0
32	35	0
33	35	7.27E+00
34	35	0.00E+00
35	35	9.06E+00
36	36	0
37	36	-7.53E-01
38	36	-1.843327716
39	36	0.00E+00
40	36	2.25E+00
41	36	0
36	37	-2.352140932
37	37	0
38	37	0
39	37	-2.77E+00
40	37	0.00E+00
41	37	6.009732362
36	38	0.00E+00
37	38	4.183461039
38	38	0.41957842
39	38	0.00E+00
40	38	8.069376309
41	38	0.00E+00
36	39	4.525009493
37	39	0.00E+00
38	39	0.00E+00
39	39	-5.47E-01
40	39	0
41	39	1.04E+01
36	40	0.00E+00
37	40	-3.81E+00
38	40	4.890858156
39	40	0.00E+00
40	40	8.633235763
41	40	0.00E+00
36	41	-2.561324169
37	41	0.00E+00
38	41	0.00E+00
39	41	7.27E+00
40	41	0
41	41	9.06E+00
42	42	0.00E+00
43	42	-7.53E-01
44	42	1.843327716
45	42	0.00E+00
46	42	2.25E+00
47	42	0.00E+00
42	43	-2.352140932
43	43	0.00E+00
44	43	0.00E+00
45	43	-2.77E+00
46	43	0.00E+00
47	43	-6.01E+00
42	44	0.00E+00
43	44	4.18E+00
44	44	-0.41957842
45	44	0
46	44	8.069376309
47	44	0
42	45	4.525009493
43	45	0
44	45	0
45	45	-5.47E-01
46	45	0.00E+00
47	45	-1.04E+01
42	46	0
43	46	-3.81E+00
44	46	-4.89E+00
45	46	0.00E+00
46	46	8.633235763
47	46	0
42	47	-2.561324169
43	47	0
44	47	0.00E+00
45	47	7.27E+00
46	47	0
47	47	-9.06E+00
48	48	0.00E+00
49	48	-0.753167415
50	48	-1.843327716
51	48	0
52	48	-2.25E+00
53	48	0
48	49	-2.35E+00
49	49	0
50	49	0.00E+00
51	49	-2.77E+00
52	49	0.00E+00
53	49	-6.01E+00
48	50	0.00E+00
49	50	4.183461039
50	50	4.20E-01
51	50	0.00E+00
52	50	-8.069376309
53	50	0.00E+00
48	51	4.53E+00
49	51	0
50	51	0.00E+00
51	51	-5.47E-01
52	51	0.00E+00
53	51	-1.04E+01
48	52	0
49	52	-3.81E+00
50	52	4.89E+00
51	52	0.00E+00
52	52	-8.633235763
53	52	0
48	53	-2.56E+00
49	53	0
50	53	0
51	53	7.27E+00
52	53	0.00E+00
53	53	-9.06E+00
54	54	0.00E+00
55	54	-0.753167415
56	54	1.843327716
57	54	0.00E+00
58	54	-2.25E+00
59	54	0
54	55	-2.35E+00
55	55	0.00E+00
56	55	0.00E+00
57	55	-2.77E+00
58	55	0
59	55	6.01E+00
54	56	0.00E+00
55	56	4.183461039
56	56	-4.20E-01
57	56	0
58	56	-8.07E+00
59	56	0
54	57	4.525009493
55	57	0
56	57	0.00E+00
57	57	-5.47E-01
58	57	0
59	57	1.04E+01
54	58	0
55	58	-3.805019793
56	58	-4.89E+00
57	58	0.00E+00
58	58	-8.63E+00
59	58	0
54	59	-2.56E+00
55	59	0
56	59	0
57	59	7.27E+00
58	59	0.00E+00
59	59	9.06E+00
60	60	0
61	60	0.753167415
62	60	1.843327716
63	60	0
64	60	2.249241907
65	60	0.00E+00
60	61	2.352140932
61	61	0.00E+00
62	61	0
63	61	-2.77E+00
64	61	0.00E+00
65	61	-6.009732362
60	62	0.00E+00
61	62	-4.18E+00
62	62	-0.41957842
63	62	0
64	62	8.069376309
65	62	0
60	63	-4.53E+00
61	63	0
62	63	0.00E+00
63	63	-5.47E-01
64	63	0
65	63	-1.04E+01
60	64	0
61	64	3.81E+00
62	64	-4.890858156
63	64	0.00E+00
64	64	8.63E+00
65	64	0
60	65	2.56E+00
61	65	0
62	65	0.00E+00
63	65	7.27E+00
64	65	0
65	65	-9.06E+00
66	66	0
67	66	-7.53E-01
68	66	1.843327716
69	66	0.00E+00
70	66	-2.249241907
71	66	0
66	67	-2.35E+00
67	67	0.00E+00
68	67	0.00E+00
69	67	-2.77E+00
70	67	0.00E+00
71	67	6.009732362
66	68	0.00E+00
67	68	4.18E+00
68	68	-4.20E-01
69	68	0.00E+00
70	68	-8.069376309
71	68	0.00E+00
66	69	4.525009493
67	69	0.00E+00
68	69	0
69	69	-5.47E-01
70	69	0.00E+00
71	69	10.4105868
66	70	0.00E+00
67	70	-3.805019793
68	70	-4.89E+00
69	70	0
70	70	-8.63E+00
71	70	0.00E+00
66	71	-2.561324169
67	71	0.00E+00
68	71	0.00E+00
69	71	7.27E+00
70	71	0
71	71	9.06E+00
72	72	0.00E+00
73	72	-7.53E-01
74	72	-1.84E+00
75	72	0
76	72	2.249241907
77	72	0
72	73	2.352140932
73	73	0
74	73	0.00E+00
75	73	-2.77E+00
76	73	0.00E+00
77	73	-6.01E+00
72	74	0.00E+00
73	74	4.18E+00
74	74	4.20E-01
75	74	0.00E+00
76	74	8.07E+00
77	74	0.00E+00
72	75	-4.525009493
73	75	0
74	75	0.00E+00
75	75	-5.47E-01
76	75	0.00E+00
77	75	-1.04E+01
72	76	0.00E+00
73	76	-3.81E+00
74	76	4.89E+00
75	76	0.00E+00
76	76	8.63E+00
77	76	0.00E+00
72	77	2.56E+00
73	77	0.00E+00
74	77	0.00E+00
75	77	7.27E+00
76	77	0.00E+00
77	77	-9.0615245
78	78	0.00E+00
79	78	0.753167415
80	78	1.84E+00
81	78	0
82	78	2.25E+00
83	78	0
78	79	2.35E+00
79	79	0
80	79	0.00E+00
81	79	-2.77E+00
82	79	0.00E+00
83	79	-6.01E+00
78	80	0.00E+00
79	80	-4.18E+00
80	80	-4.20E-01
81	80	0
82	80	8.07E+00
83	80	0
78	81	-4.53E+00
79	81	0
80	81	0.00E+00
81	81	-0.546867574
82	81	0.00E+00
83	81	-1.04E+01
78	82	0
79	82	3.81E+00
80	82	-4.890858156
81	82	0.00E+00
82	82	8.633235763
83	82	0
78	83	2.56E+00
79	83	0
80	83	0.00E+00
81	83	7.27E+00
82	83	0.00E+00
83	83	-9.0615245
84	84	0.00E+00
85	84	0.753167415
86	84	-1.843327716
87	84	0
88	84	2.25E+00
89	84	0.00E+00
84	85	-2.35E+00
85	85	0
86	85	0.00E+00
87	85	-2.77E+00
88	85	0.00E+00
89	85	-6.009732362
84	86	0.00E+00
85	86	-4.18E+00
86	86	4.20E-01
87	86	0.00E+00
88	86	8.069376309
89	86	0
84	87	4.525009493
85	87	0
86	87	0.00E+00
87	87	-5.47E-01
88	87	0
89	87	-1.04E+01
84	88	0.00E+00
85	88	3.805019793
86	88	4.890858156
87	88	0.00E+00
88	88	8.63E+00
89	88	0.00E+00
84	89	-2.561324169
85	89	0.00E+00
86	89	0.00E+00
87	89	7.269029684
88	89	0.00E+00
89	89	-9.06E+00
90	90	0
91	90	-0.753167415
92	90	1.843327716
93	90	0.00E+00
94	90	-2.249241907
95	90	0
90	91	2.352140932
91	91	0.00E+00
92	91	0.00E+00
93	91	-2.77E+00
94	91	0.00E+00
95	91	-6.009732362
90	92	0.00E+00
91	92	4.18E+00
92	92	-4.20E-01
93	92	0
94	92	-8.069376309
95	92	0
90	93	-4.53E+00
91	93	0
92	93	0
93	93	-5.47E-01
94	93	0.00E+00
95	93	-1.04E+01
90	94	0.00E+00
91	94	-3.81E+00
92	94	-4.89E+00
93	94	0.00E+00
94	94	-8.63E+00
95	94	0.00E+00
90	95	2.56E+00
91	95	0.00E+00
92	95	0.00E+00
93	95	7.269029684
94	95	0
95	95	-9.06E+00
96	96	0
97	96	7.53E-01
98	96	-1.843327716
99	96	0.00E+00
100	96	-2.249241907
101	96	0
96	97	-2.352140932
97	97	0.00E+00
98	97	0.00E+00
99	97	-2.772275012
100	97	0.00E+00
101	97	6.01E+00
96	98	0.00E+00
97	98	-4.18E+00
98	98	4.20E-01
99	98	0.00E+00
100	98	-8.07E+00
101	98	0.00E+00
96	99	4.53E+00
97	99	0
98	99	0.00E+00
99	99	-5.47E-01
100	99	0.00E+00
101	99	1.04E+01
96	100	0
97	100	3.81E+00
98	100	4.890858156
99	100	0.00E+00
100	100	-8.633235763
101	100	0
96	101	-2.56E+00
97	101	0
98	101	0.00E+00
99	101	7.27E+00
100	101	0.00E+00
101	101	9.0615245
102	102	0
103	102	7.53E-01
104	102	1.843327716
105	102	0
106	102	2.249241907
107	102	0
102	103	2.35E+00
103	103	0
104	103	0.00E+00
105	103	-2.772275012
106	103	0.00E+00
107	103	-6.01E+00
102	104	0.00E+00
103	104	-4.183461039
104	104	-4.20E-01
105	104	0.00E+00
106	104	8.07E+00
107	104	0.00E+00
102	105	-4.525009493
103	105	0
104	105	0.00E+00
105	105	-0.546867574
106	105	0.00E+00
107	105	-1.04E+01
102	106	0.00E+00
103	106	3.805019793
104	106	-4.89E+00
105	106	0
106	106	8.63E+00
107	106	0.00E+00
102	107	2.561324169
103	107	0.00E+00
104	107	0
105	107	7.27E+00
106	107	0.00E+00
107	107	-9.0615245
108	108	0
109	108	0.753167415
110	108	1.843327716
111	108	0
112	108	2.25E+00
113	108	0
108	109	-2.35E+00
109	109	0.00E+00
110	109	0
111	109	-2.77E+00
112	109	0.00E+00
113	109	6.01E+00
108	110	0
109	110	-4.183461039
110	110	-4.20E-01
111	110	0
112	110	8.069376309
113	110	0.00E+00
108	111	4.525009493
109	111	0.00E+00
110	111	0.00E+00
111	111	-5.47E-01
112	111	0.00E+00
113	111	1.04E+01
108	112	0.00E+00
109	112	3.805019793
110	112	-4.890858156
111	112	0.00E+00
112	112	8.63E+00
113	112	0.00E+00
108	113	-2.56E+00
109	113	0.00E+00
110	113	0.00E+00
111	113	7.27E+00
112	113	0
113	113	9.06E+00
114	114	0
115	114	-7.53E-01
116	114	1.84E+00
117	114	0.00E+00
118	114	-2.25E+00
119	114	0.00E+00
114	115	-2.35E+00
115	115	0.00E+00
116	115	0
117	115	-2.77E+00
118	115	0.00E+00
119	115	6.01E+00
114	116	0
115	116	4.18E+00
116	116	-4.20E-01
117	116	0.00E+00
118	116	-8.069376309
119	116	0.00E+00
114	117	4.53E+00
115	117	0.00E+00
116	117	0.00E+00
117	117	-5.47E-01
118	117	0.00E+00
119	117	1.04E+01
114	118	0
115	118	-3.81E+00
116	118	-4.890858156
117	118	0.00E+00
118	118	-8.633235763
119	118	0.00E+00
114	119	-2.56E+00
115	119	0.00E+00
116	119	0.00E+00
117	119	7.269029684
118	119	0.00E+00
119	119	9.06E+00
120	120	0.00E+00
121	120	-0.753167415
122	120	1.843327716
123	120	0
124	120	-2.249241907
125	120	0
120	121	2.352140932
121	121	0.00E+00
122	121	0.00E+00
123	121	-2.77E+00
124	121	0
125	121	-6.01E+00
120	122	0.00E+00
121	122	4.183461039
122	122	-4.20E-01
123	122	0.00E+00
124	122	-8.069376309
125	122	0.00E+00
120	123	-4.53E+00
121	123	0
122	123	0.00E+00
123	123	-5.47E-01
124	123	0.00E+00
125	123	-1.04E+01
120	124	0.00E+00
121	124	-3.81E+00
122	124	-4.890858156
123	124	0
124	124	-8.63E+00
125	124	0.00E+00
120	125	2.56E+00
121	125	0.00E+00
122	125	0
123	125	7.27E+00
124	125	0.00E+00
125	125	-9.0615245
126	126	0.00E+00
127	126	-0.753167415
128	126	1.84E+00
129	126	0
130	126	-2.25E+00
131	126	0
126	127	-2.352140932
127	127	0.00E+00
128	127	0.00E+00
129	127	-2.77E+00
130	127	0
131	127	6.01E+00
126	128	0.00E+00
127	128	4.183461039
128	128	-4.20E-01
129	128	0
130	128	-8.07E+00
131	128	0.00E+00
126	129	4.53E+00
127	129	0.00E+00
128	129	0.00E+00
129	129	-5.47E-01
130	129	0.00E+00
131	129	1.04E+01
126	130	0.00E+00
127	130	-3.805019793
128	130	-4.890858156
129	130	0.00E+00
130	130	-8.63E+00
131	130	0.00E+00
126	131	-2.56E+00
127	131	0.00E+00
128	131	0.00E+00
129	131	7.27E+00
130	131	0.00E+00
131	131	9.0615245
132	132	0
133	132	7.53E-01
134	132	-1.843327716
135	132	0.00E+00
136	132	-2.249241907
137	132	0
132	133	2.35E+00
133	133	0
134	133	0.00E+00
135	133	-2.77E+00
136	133	0.00E+00
137	133	-6.01E+00
132	134	0.00E+00
133	134	-4.18E+00
134	134	0.41957842
135	134	0.00E+00
136	134	-8.069376309
137	134	0.00E+00
132	135	-4.525009493
133	135	0
134	135	0.00E+00
135	135	-0.546867574
136	135	0
137	135	-1.04E+01
132	136	0.00E+00
133	136	3.81E+00
134	136	4.89E+00
135	136	0.00E+00
136	136	-8.633235763
137	136	0
132	137	2.56E+00
133	137	0
134	137	0.00E+00
135	137	7.269029684
136	137	0.00E+00
137	137	-9.06E+00
138	138	0.00E+00
139	138	7.53E-01
140	138	1.843327716
141	138	0.00E+00
142	138	2.249241907
143	138	0.00E+00
138	139	-2.352140932
139	139	0.00E+00
140	139	0
141	139	-2.77E+00
142	139	0.00E+00
143	139	6.009732362
138	140	0.00E+00
139	140	-4.18E+00
140	140	-0.41957842
141	140	0.00E+00
142	140	8.069376309
143	140	0.00E+00
138	141	4.525009493
139	141	0.00E+00
140	141	0
141	141	-5.47E-01
142	141	0.00E+00
143	141	1.04E+01
138	142	0.00E+00
139	142	3.81E+00
140	142	-4.89E+00
141	142	0
142	142	8.63E+00
143	142	0.00E+00
138	143	-2.561324169
139	143	0.00E+00
140	143	0.00E+00
141	143	7.27E+00
142	143	0
143	143	9.06E+00
144	144	0.00E+00
145	144	7.53E-01
146	144	-1.843327716
147	144	0
148	144	-2.25E+00
149	144	0
144	145	2.35E+00
145	145	0.00E+00
146	145	0.00E+00
147	145	-2.77E+00
148	145	0.00E+00
149	145	-6.01E+00
144	146	0.00E+00
145	146	-4.18E+00
146	146	4.20E-01
147	146	0.00E+00
148	146	-8.069376309
149	146	0.00E+00
144	147	-4.53E+00
145	147	0.00E+00
146	147	0.00E+00
147	147	-5.47E-01
148	147	0.00E+00
149	147	-1.04E+01
144	148	0.00E+00
145	148	3.81E+00
146	148	4.89E+00
147	148	0.00E+00
148	148	-8.63E+00
149	148	0
144	149	2.56E+00
145	149	0.00E+00
146	149	0
147	149	7.27E+00
148	149	0.00E+00
149	149	-9.06E+00
150	150	0.00E+00
151	150	0.753167415
152	150	1.843327716
153	150	0
154	150	2.249241907
155	150	0
150	151	2.35E+00
151	151	0
152	151	0.00E+00
153	151	-2.77E+00
154	151	0.00E+00
155	151	-6.01E+00
150	152	0.00E+00
151	152	-4.18E+00
152	152	-4.20E-01
153	152	0.00E+00
154	152	8.07E+00
155	152	0
150	153	-4.53E+00
151	153	0
152	153	0.00E+00
153	153	-0.546867574
154	153	0.00E+00
155	153	-1.04E+01
150	154	0.00E+00
151	154	3.81E+00
152	154	-4.89E+00
153	154	0.00E+00
154	154	8.63E+00
155	154	0.00E+00
150	155	2.56E+00
151	155	0.00E+00
152	155	0.00E+00
153	155	7.27E+00
154	155	0.00E+00
155	155	-9.0615245
156	156	0.00E+00
157	156	-7.53E-01
158	156	1.84E+00
159	156	0
160	156	-2.25E+00
161	156	0.00E+00
156	157	2.352140932
157	157	0.00E+00
158	157	0.00E+00
159	157	-2.77E+00
160	157	0.00E+00
161	157	6.01E+00
156	158	0.00E+00
157	158	4.183461039
158	158	-0.41957842
159	158	0
160	158	-8.07E+00
161	158	0
156	159	-4.53E+00
157	159	0
158	159	0.00E+00
159	159	-0.546867574
160	159	0.00E+00
161	159	1.04E+01
156	160	0.00E+00
157	160	-3.805019793
158	160	-4.89E+00
159	160	0.00E+00
160	160	-8.63E+00
161	160	0.00E+00
156	161	2.561324169
157	161	0.00E+00
158	161	0.00E+00
159	161	7.27E+00
160	161	0.00E+00
161	161	9.06E+00
162	162	0
163	162	-7.53E-01
164	162	1.843327716
165	162	0.00E+00
166	162	-2.249241907
167	162	0
162	163	-2.35E+00
163	163	0.00E+00
164	163	0.00E+00
165	163	-2.77E+00
166	163	0.00E+00
167	163	6.01E+00
162	164	0.00E+00
163	164	4.18E+00
164	164	-4.20E-01
165	164	0
166	164	-8.07E+00
167	164	0
162	165	4.525009493
163	165	0
164	165	0
165	165	-5.47E-01
166	165	0.00E+00
167	165	1.04E+01
162	166	0.00E+00
163	166	-3.81E+00
164	166	-4.89E+00
165	166	0.00E+00
166	166	-8.633235763
167	166	0
162	167	-2.56E+00
163	167	0.00E+00
164	167	0.00E+00
165	167	7.269029684
166	167	0.00E+00
167	167	9.06E+00
168	168	0.00E+00
169	168	0.753167415
170	168	1.843327716
171	168	0.00E+00
172	168	2.25E+00
173	168	0.00E+00
168	169	-2.352140932
169	169	0.00E+00
170	169	0.00E+00
171	169	-2.772275012
172	169	0.00E+00
173	169	6.01E+00
168	170	0.00E+00
169	170	-4.18E+00
170	170	-4.20E-01
171	170	0.00E+00
172	170	8.069376309
173	170	0.00E+00
168	171	4.525009493
169	171	0.00E+00
170	171	0.00E+00
171	171	-5.47E-01
172	171	0.00E+00
173	171	1.04E+01
168	172	0
169	172	3.81E+00
170	172	-4.89E+00
171	172	0.00E+00
172	172	8.63E+00
173	172	0
168	173	-2.56E+00
169	173	0
170	173	0
171	173	7.27E+00
172	173	0.00E+00
173	173	9.06E+00
174	174	0.00E+00
175	174	-0.753167415
176	174	1.843327716
177	174	0
178	174	-2.25E+00
179	174	0.00E+00
174	175	2.352140932
175	175	0
176	175	0.00E+00
177	175	-2.77E+00
178	175	0
179	175	-6.01E+00
174	176	0.00E+00
175	176	4.183461039
176	176	-4.20E-01
177	176	0
178	176	-8.07E+00
179	176	0.00E+00
174	177	-4.525009493
175	177	0.00E+00
176	177	0.00E+00
177	177	-0.546867574
178	177	0.00E+00
179	177	-1.04E+01
174	178	0.00E+00
175	178	-3.81E+00
176	178	-4.89E+00
177	178	0.00E+00
178	178	-8.63E+00
179	178	0.00E+00
174	179	2.56E+00
175	179	0.00E+00
176	179	0.00E+00
177	179	7.27E+00
178	179	0.00E+00
179	179	-9.06E+00
180	180	0
181	180	7.53E-01
182	180	1.84E+00
183	180	0.00E+00
184	180	2.25E+00
185	180	0
180	181	2.35E+00
181	181	0
182	181	0.00E+00
183	181	-2.77E+00
184	181	0.00E+00
185	181	-6.01E+00
180	182	0.00E+00
181	182	-4.183461039
182	182	-0.41957842
183	182	0
184	182	8.07E+00
185	182	0.00E+00
180	183	-4.525009493
181	183	0.00E+00
182	183	0.00E+00
183	183	-0.546867574
184	183	0.00E+00
185	183	-1.04E+01
180	184	0.00E+00
181	184	3.805019793
182	184	-4.890858156
183	184	0.00E+00
184	184	8.63E+00
185	184	0.00E+00
180	185	2.561324169
181	185	0
182	185	0.00E+00
183	185	7.269029684
184	185	0.00E+00
185	185	-9.06E+00
186	186	0
187	186	7.53E-01
188	186	-1.843327716
189	186	0.00E+00
190	186	2.25E+00
191	186	0
186	187	-2.35E+00
187	187	0
188	187	0
189	187	-2.77E+00
190	187	0.00E+00
191	187	6.01E+00
186	188	0
187	188	-4.18E+00
188	188	4.20E-01
189	188	0.00E+00
190	188	8.07E+00
191	188	0.00E+00
186	189	4.53E+00
187	189	0
188	189	0.00E+00
189	189	-5.47E-01
190	189	0.00E+00
191	189	1.04E+01
186	190	0.00E+00
187	190	3.81E+00
188	190	4.890858156
189	190	0.00E+00
190	190	8.63E+00
191	190	0.00E+00
186	191	-2.561324169
187	191	0.00E+00
188	191	0.00E+00
189	191	7.27E+00
190	191	0
191	191	9.06E+00
192	192	0.00E+00
193	192	-7.53E-01
194	192	1.843327716
195	192	0.00E+00
196	192	-2.25E+00
197	192	0.00E+00
192	193	2.35E+00
193	193	0.00E+00
194	193	0.00E+00
195	193	-2.77E+00
196	193	0.00E+00
197	193	-6.01E+00
192	194	0.00E+00
193	194	4.18E+00
194	194	-4.20E-01
195	194	0.00E+00
196	194	-8.07E+00
197	194	0.00E+00
192	195	-4.53E+00
193	195	0
194	195	0.00E+00
195	195	-5.47E-01
196	195	0.00E+00
197	195	-1.04E+01
192	196	0.00E+00
193	196	-3.81E+00
194	196	-4.89E+00
195	196	0.00E+00
196	196	-8.633235763
197	196	0
192	197	2.56E+00
193	197	0
194	197	0
195	197	7.27E+00
196	197	0.00E+00
197	197	-9.06E+00
198	198	0.00E+00
199	198	-7.53E-01
200	198	-1.843327716
201	198	0
202	198	2.25E+00
203	198	0.00E+00
198	199	-2.352140932
199	199	0
200	199	0.00E+00
201	199	-2.77E+00
202	199	0.00E+00
203	199	6.01E+00
198	200	0.00E+00
199	200	4.183461039
200	200	0.41957842
201	200	0.00E+00
202	200	8.07E+00
203	200	0.00E+00
198	201	4.53E+00
199	201	0
200	201	0.00E+00
201	201	-0.546867574
202	201	0.00E+00
203	201	1.04E+01
198	202	0
199	202	-3.81E+00
200	202	4.890858156
201	202	0.00E+00
202	202	8.63E+00
203	202	0.00E+00
198	203	-2.56E+00
199	203	0
200	203	0
201	203	7.27E+00
202	203	0.00E+00
203	203	9.06E+00
204	204	0
205	204	-7.53E-01
206	204	1.843327716
207	204	0.00E+00
208	204	-2.249241907
209	204	0
204	205	-2.35E+00
205	205	0
206	205	0
207	205	-2.77E+00
208	205	0.00E+00
209	205	6.01E+00
204	206	0.00E+00
205	206	4.18E+00
206	206	-4.20E-01
207	206	0
208	206	-8.07E+00
209	206	0.00E+00
204	207	4.525009493
205	207	0
206	207	0.00E+00
207	207	-0.546867574
208	207	0.00E+00
209	207	1.04E+01
204	208	0.00E+00
205	208	-3.81E+00
206	208	-4.89E+00
207	208	0.00E+00
208	208	-8.63E+00
209	208	0.00E+00
204	209	-2.56E+00
205	209	0
206	209	0.00E+00
207	209	7.269029684
208	209	0.00E+00
209	209	9.06E+00
210	210	0.00E+00
211	210	-7.53E-01
212	210	1.843327716
213	210	0.00E+00
214	210	-2.25E+00
215	210	0
210	211	-2.35E+00
211	211	0.00E+00
212	211	0
213	211	2.77E+00
214	211	0.00E+00
215	211	6.009732362
210	212	0.00E+00
211	212	4.18E+00
212	212	-4.20E-01
213	212	0.00E+00
214	212	-8.069376309
215	212	0
210	213	4.53E+00
211	213	0
212	213	0.00E+00
213	213	5.47E-01
214	213	0.00E+00
215	213	1.04E+01
210	214	0.00E+00
211	214	-3.805019793
212	214	-4.890858156
213	214	0
214	214	-8.63E+00
215	214	0.00E+00
210	215	-2.561324169
211	215	0
212	215	0.00E+00
213	215	-7.269029684
214	215	0.00E+00
215	215	9.06E+00
216	216	0.00E+00
217	216	7.53E-01
218	216	1.843327716
219	216	0
220	216	2.25E+00
221	216	0.00E+00
216	217	-2.35E+00
217	217	0.00E+00
218	217	0.00E+00
219	217	-2.772275012
220	217	0.00E+00
221	217	6.01E+00
216	218	0.00E+00
217	218	-4.18E+00
218	218	-4.20E-01
219	218	0.00E+00
220	218	8.07E+00
221	218	0.00E+00
216	219	4.53E+00
217	219	0.00E+00
218	219	0.00E+00
219	219	-5.47E-01
220	219	0.00E+00
221	219	1.04E+01
216	220	0
217	220	3.81E+00
218	220	-4.890858156
219	220	0.00E+00
220	220	8.63E+00
221	220	0.00E+00
216	221	-2.56E+00
217	221	0.00E+00
218	221	0
219	221	7.27E+00
220	221	0.00E+00
221	221	9.06E+00
222	222	0.00E+00
223	222	-7.53E-01
224	222	1.843327716
225	222	0
226	222	-2.25E+00
227	222	0.00E+00
222	223	2.35E+00
223	223	0.00E+00
224	223	0.00E+00
225	223	-2.772275012
226	223	0.00E+00
227	223	6.01E+00
222	224	0.00E+00
223	224	4.18E+00
224	224	-4.20E-01
225	224	0.00E+00
226	224	-8.07E+00
227	224	0.00E+00
222	225	-4.53E+00
223	225	0.00E+00
224	225	0.00E+00
225	225	-5.47E-01
226	225	0.00E+00
227	225	1.04E+01
222	226	0.00E+00
223	226	-3.81E+00
224	226	-4.89E+00
225	226	0.00E+00
226	226	-8.63E+00
227	226	0.00E+00
222	227	2.56E+00
223	227	0.00E+00
224	227	0.00E+00
225	227	7.27E+00
226	227	0.00E+00
227	227	9.06E+00
228	228	0.00E+00
229	228	7.53E-01
230	228	1.84E+00
231	228	0.00E+00
232	228	2.25E+00
233	228	0.00E+00
228	229	2.35E+00
229	229	0.00E+00
230	229	0.00E+00
231	229	-2.77E+00
232	229	0.00E+00
233	229	-6.01E+00
228	230	0.00E+00
229	230	-4.18E+00
230	230	-4.20E-01
231	230	0.00E+00
232	230	8.07E+00
233	230	0.00E+00
228	231	-4.53E+00
229	231	0.00E+00
230	231	0.00E+00
231	231	-5.47E-01
232	231	0
233	231	-1.04E+01
228	232	0.00E+00
229	232	3.81E+00
230	232	-4.89E+00
231	232	0.00E+00
232	232	8.63E+00
233	232	0.00E+00
228	233	2.56E+00
229	233	0.00E+00
230	233	0.00E+00
231	233	7.27E+00
232	233	0.00E+00
233	233	-9.06E+00
234	234	0.00E+00
235	234	7.53E-01
236	234	1.84E+00
237	234	0.00E+00
238	234	2.25E+00
239	234	0.00E+00
234	235	2.35E+00
235	235	0.00E+00
236	235	0.00E+00
237	235	-2.77E+00
238	235	0.00E+00
239	235	-6.009732362
234	236	0
235	236	-4.18E+00
236	236	-0.41957842
237	236	0.00E+00
238	236	8.07E+00
239	236	0.00E+00
234	237	-4.53E+00
235	237	0
236	237	0.00E+00
237	237	-5.47E-01
238	237	0.00E+00
239	237	-1.04E+01
234	238	0.00E+00
235	238	3.81E+00
236	238	-4.89E+00
237	238	0.00E+00
238	238	8.63E+00
239	238	0.00E+00
234	239	2.561324169
235	239	0.00E+00
236	239	0.00E+00
237	239	7.27E+00
238	239	0.00E+00
239	239	-9.06E+00
240	240	0.00E+00
241	240	0.753167415
242	240	1.843327716
243	240	0
244	240	-2.25E+00
245	240	0.00E+00
240	241	-2.35E+00
241	241	0.00E+00
242	241	0.00E+00
243	241	-2.77E+00
244	241	0.00E+00
245	241	-6.009732362
240	242	0.00E+00
241	242	-4.18E+00
242	242	-4.20E-01
243	242	0.00E+00
244	242	-8.069376309
245	242	0.00E+00
240	243	4.53E+00
241	243	0.00E+00
242	243	0.00E+00
243	243	-5.47E-01
244	243	0.00E+00
245	243	-1.04E+01
240	244	0
241	244	3.81E+00
242	244	-4.890858156
243	244	0.00E+00
244	244	-8.63E+00
245	244	0.00E+00
240	245	-2.56E+00
241	245	0.00E+00
242	245	0
243	245	7.269029684
244	245	0.00E+00
245	245	-9.06E+00
246	246	0.00E+00
247	246	-7.53E-01
248	246	1.84E+00
249	246	0.00E+00
250	246	-2.25E+00
251	246	0.00E+00
246	247	2.352140932
247	247	0
248	247	0.00E+00
249	247	-2.77E+00
250	247	0.00E+00
251	247	-6.01E+00
246	248	0.00E+00
247	248	4.183461039
248	248	-0.41957842
249	248	0
250	248	-8.07E+00
251	248	0.00E+00
246	249	-4.53E+00
247	249	0
248	249	0.00E+00
249	249	-5.47E-01
250	249	0.00E+00
251	249	-1.04E+01
246	250	0.00E+00
247	250	-3.81E+00
248	250	-4.89E+00
249	250	0.00E+00
250	250	-8.633235763
251	250	0
246	251	2.56E+00
247	251	0
248	251	0.00E+00
249	251	7.27E+00
250	251	0.00E+00
251	251	-9.0615245
252	252	0
253	252	-7.53E-01
254	252	-1.843327716
255	252	0.00E+00
256	252	2.25E+00
257	252	0.00E+00
252	253	-2.35E+00
253	253	0.00E+00
254	253	0.00E+00
255	253	-2.772275012
256	253	0.00E+00
257	253	6.01E+00
252	254	0.00E+00
253	254	4.18E+00
254	254	4.20E-01
255	254	0
256	254	8.07E+00
257	254	0.00E+00
252	255	4.525009493
253	255	0
254	255	0.00E+00
255	255	-5.47E-01
256	255	0.00E+00
257	255	1.04E+01
252	256	0.00E+00
253	256	-3.81E+00
254	256	4.89E+00
255	256	0.00E+00
256	256	8.63E+00
257	256	0.00E+00
252	257	-2.56E+00
253	257	0.00E+00
254	257	0.00E+00
255	257	7.27E+00
256	257	0.00E+00
257	257	9.06E+00
258	258	0
259	258	-7.53E-01
260	258	1.84E+00
261	258	0.00E+00
262	258	-2.25E+00
263	258	0.00E+00
258	259	-2.35E+00
259	259	0.00E+00
260	259	0
261	259	-2.77E+00
262	259	0.00E+00
263	259	6.01E+00
258	260	0.00E+00
259	260	4.18E+00
260	260	-4.20E-01
261	260	0.00E+00
262	260	-8.07E+00
263	260	0.00E+00
258	261	4.53E+00
259	261	0.00E+00
260	261	0.00E+00
261	261	-5.47E-01
262	261	0.00E+00
263	261	1.04E+01
258	262	0.00E+00
259	262	-3.81E+00
260	262	-4.89E+00
261	262	0.00E+00
262	262	-8.63E+00
263	262	0.00E+00
258	263	-2.56E+00
259	263	0.00E+00
260	263	0.00E+00
261	263	7.27E+00
262	263	0.00E+00
263	263	9.06E+00
264	264	0.00E+00
265	264	7.53E-01
266	264	-1.84E+00
267	264	0.00E+00
268	264	-2.25E+00
269	264	0.00E+00
264	265	2.35E+00
265	265	0.00E+00
266	265	0.00E+00
267	265	-2.77E+00
268	265	0.00E+00
269	265	-6.01E+00
264	266	0.00E+00
265	266	-4.18E+00
266	266	4.20E-01
267	266	0.00E+00
268	266	-8.07E+00
269	266	0.00E+00
264	267	-4.53E+00
265	267	0.00E+00
266	267	0.00E+00
267	267	-5.47E-01
268	267	0.00E+00
269	267	-1.04E+01
264	268	0
265	268	3.81E+00
266	268	4.890858156
267	268	0.00E+00
268	268	-8.63E+00
269	268	0.00E+00
264	269	2.56E+00
265	269	0
266	269	0.00E+00
267	269	7.27E+00
268	269	0
269	269	-9.06E+00
270	270	0.00E+00
271	270	-7.53E-01
272	270	1.84E+00
273	270	0
274	270	-2.25E+00
275	270	0.00E+00
270	271	2.352140932
271	271	0
272	271	0.00E+00
273	271	-2.77E+00
274	271	0.00E+00
275	271	-6.01E+00
270	272	0.00E+00
271	272	4.183461039
272	272	-0.41957842
273	272	0.00E+00
274	272	-8.07E+00
275	272	0.00E+00
270	273	-4.53E+00
271	273	0.00E+00
272	273	0
273	273	-0.546867574
274	273	0.00E+00
275	273	-10.4105868
270	274	0.00E+00
271	274	-3.81E+00
272	274	-4.89E+00
273	274	0.00E+00
274	274	-8.633235763
275	274	0
270	275	2.56E+00
271	275	0
272	275	0.00E+00
273	275	7.27E+00
274	275	0.00E+00
275	275	-9.0615245
276	276	0
277	276	7.53E-01
278	276	-1.843327716
279	276	0.00E+00
280	276	-2.25E+00
281	276	0.00E+00
276	277	2.35E+00
277	277	0.00E+00
278	277	0
279	277	-2.772275012
280	277	0.00E+00
281	277	-6.01E+00
276	278	0.00E+00
277	278	-4.18E+00
278	278	4.20E-01
279	278	0
280	278	-8.07E+00
281	278	0.00E+00
276	279	-4.525009493
277	279	0
278	279	0.00E+00
279	279	-5.47E-01
280	279	0.00E+00
281	279	-1.04E+01
276	280	0.00E+00
277	280	3.805019793
278	280	4.890858156
279	280	0.00E+00
280	280	-8.63E+00
281	280	0.00E+00
276	281	2.56E+00
277	281	0
278	281	0.00E+00
279	281	7.27E+00
280	281	0.00E+00
281	281	-9.06E+00
282	282	0.00E+00
283	282	7.53E-01
284	282	1.84E+00
285	282	0.00E+00
286	282	2.249241907
287	282	0
282	283	-2.35E+00
283	283	0
284	283	0.00E+00
285	283	-2.77E+00
286	283	0.00E+00
287	283	6.009732362
282	284	0.00E+00
283	284	-4.18E+00
284	284	-0.41957842
285	284	0.00E+00
286	284	8.07E+00
287	284	0.00E+00
282	285	4.53E+00
283	285	0.00E+00
284	285	0
285	285	-0.546867574
286	285	0.00E+00
287	285	1.04E+01
282	286	0.00E+00
283	286	3.81E+00
284	286	-4.89E+00
285	286	0
286	286	8.63E+00
287	286	0.00E+00
282	287	-2.561324169
283	287	0
284	287	0.00E+00
285	287	7.27E+00
286	287	0.00E+00
287	287	9.06E+00
288	288	0.00E+00
289	288	7.53E-01
290	288	1.84E+00
291	288	0.00E+00
292	288	2.25E+00
293	288	0.00E+00
288	289	2.35E+00
289	289	0.00E+00
290	289	0.00E+00
291	289	-2.77E+00
292	289	0.00E+00
293	289	-6.01E+00
288	290	0.00E+00
289	290	-4.18E+00
290	290	-4.20E-01
291	290	0.00E+00
292	290	8.07E+00
293	290	0.00E+00
288	291	-4.53E+00
289	291	0.00E+00
290	291	0.00E+00
291	291	-0.546867574
292	291	0.00E+00
293	291	-1.04E+01
288	292	0.00E+00
289	292	3.81E+00
290	292	-4.89E+00
291	292	0.00E+00
292	292	8.633235763
293	292	0.00E+00
288	293	2.56E+00
289	293	0.00E+00
290	293	0.00E+00
291	293	7.27E+00
292	293	0.00E+00
293	293	-9.06E+00
294	294	0.00E+00
295	294	7.53E-01
296	294	-1.84E+00
297	294	0.00E+00
298	294	-2.25E+00
299	294	0.00E+00
294	295	2.35E+00
295	295	0.00E+00
296	295	0.00E+00
297	295	-2.77E+00
298	295	0.00E+00
299	295	-6.01E+00
294	296	0.00E+00
295	296	-4.18E+00
296	296	4.20E-01
297	296	0.00E+00
298	296	-8.07E+00
299	296	0.00E+00
294	297	-4.53E+00
295	297	0.00E+00
296	297	0.00E+00
297	297	-5.47E-01
298	297	0.00E+00
299	297	-1.04E+01
294	298	0.00E+00
295	298	3.81E+00
296	298	4.89E+00
297	298	0.00E+00
298	298	-8.63E+00
299	298	0.00E+00
294	299	2.56E+00
295	299	0.00E+00
296	299	0.00E+00
297	299	7.27E+00
298	299	0.00E+00
299	299	-9.0615245
300	300	0
301	300	-7.53E-01
302	300	1.843327716
303	300	0.00E+00
304	300	-2.25E+00
305	300	0.00E+00
300	301	2.35E+00
301	301	0
302	301	0.00E+00
303	301	-2.77E+00
304	301	0
305	301	-6.01E+00
300	302	0.00E+00
301	302	4.18E+00
302	302	-4.20E-01
303	302	0.00E+00
304	302	-8.07E+00
305	302	0.00E+00
300	303	-4.53E+00
301	303	0
302	303	0.00E+00
303	303	-5.47E-01
304	303	0.00E+00
305	303	-1.04E+01
300	304	0.00E+00
301	304	-3.805019793
302	304	-4.89E+00
303	304	0
304	304	-8.63E+00
305	304	0.00E+00
300	305	2.56E+00
301	305	0.00E+00
302	305	0.00E+00
303	305	7.269029684
304	305	0.00E+00
305	305	-9.0615245
306	306	0.00E+00
307	306	7.53E-01
308	306	-1.84E+00
309	306	0.00E+00
310	306	-2.249241907
311	306	0
306	307	2.35E+00
307	307	0
308	307	0.00E+00
309	307	-2.77E+00
310	307	0.00E+00
311	307	6.009732362
306	308	0
307	308	-4.18E+00
308	308	0.41957842
309	308	0.00E+00
310	308	-8.07E+00
311	308	0.00E+00
306	309	-4.53E+00
307	309	0.00E+00
308	309	0
309	309	-0.546867574
310	309	0.00E+00
311	309	1.04E+01
306	310	0.00E+00
307	310	3.81E+00
308	310	4.89E+00
309	310	0.00E+00
310	310	-8.63E+00
311	310	0.00E+00
306	311	2.561324169
307	311	0
308	311	0.00E+00
309	311	7.27E+00
310	311	0.00E+00
311	311	9.06E+00
312	312	0.00E+00
313	312	-0.753167415
314	312	1.843327716
315	312	0.00E+00
316	312	-2.25E+00
317	312	0.00E+00
312	313	-2.35E+00
313	313	0
314	313	0.00E+00
315	313	-2.77E+00
316	313	0.00E+00
317	313	6.01E+00
312	314	0.00E+00
313	314	4.18E+00
314	314	-4.20E-01
315	314	0.00E+00
316	314	-8.069376309
317	314	0.00E+00
312	315	4.53E+00
313	315	0
314	315	0.00E+00
315	315	-5.47E-01
316	315	0.00E+00
317	315	1.04E+01
312	316	0
313	316	-3.81E+00
314	316	-4.89E+00
315	316	0.00E+00
316	316	-8.63E+00
317	316	0.00E+00
312	317	-2.56E+00
313	317	0.00E+00
314	317	0
315	317	7.269029684
316	317	0.00E+00
317	317	9.06E+00
318	318	0.00E+00
319	318	-7.53E-01
320	318	1.84E+00
321	318	0
322	318	-2.25E+00
323	318	0.00E+00
318	319	-2.352140932
319	319	0
320	319	0.00E+00
321	319	-2.77E+00
322	319	0.00E+00
323	319	6.01E+00
318	320	0.00E+00
319	320	4.18E+00
320	320	-4.20E-01
321	320	0.00E+00
322	320	-8.07E+00
323	320	0.00E+00
318	321	4.53E+00
319	321	0.00E+00
320	321	0.00E+00
321	321	-5.47E-01
322	321	0.00E+00
323	321	1.04E+01
318	322	0.00E+00
319	322	-3.81E+00
320	322	-4.89E+00
321	322	0.00E+00
322	322	-8.63E+00
323	322	0.00E+00
318	323	-2.56E+00
319	323	0.00E+00
320	323	0
321	323	7.269029684
322	323	0.00E+00
323	323	9.06E+00
324	324	0.00E+00
325	324	-7.53E-01
326	324	1.84E+00
327	324	0.00E+00
328	324	-2.249241907
329	324	0.00E+00
324	325	-2.35E+00
325	325	0.00E+00
326	325	0.00E+00
327	325	-2.77E+00
328	325	0.00E+00
329	325	6.01E+00
324	326	0.00E+00
325	326	4.18E+00
326	326	-4.20E-01
327	326	0.00E+00
328	326	-8.07E+00
329	326	0.00E+00
324	327	4.53E+00
325	327	0.00E+00
326	327	0
327	327	-5.47E-01
328	327	0.00E+00
329	327	1.04E+01
324	328	0.00E+00
325	328	-3.81E+00
326	328	-4.89E+00
327	328	0.00E+00
328	328	-8.63E+00
329	328	0.00E+00
324	329	-2.56E+00
325	329	0.00E+00
326	329	0.00E+00
327	329	7.27E+00
328	329	0.00E+00
329	329	9.06E+00
330	330	0.00E+00
331	330	-7.53E-01
332	330	1.84E+00
333	330	0.00E+00
334	330	-2.25E+00
335	330	0.00E+00
330	331	2.35E+00
331	331	0.00E+00
332	331	0.00E+00
333	331	-2.77E+00
334	331	0.00E+00
335	331	-6.01E+00
330	332	0
331	332	4.183461039
332	332	-0.41957842
333	332	0.00E+00
334	332	-8.07E+00
335	332	0.00E+00
330	333	-4.53E+00
331	333	0
332	333	0.00E+00
333	333	-5.47E-01
334	333	0
335	333	-10.4105868
330	334	0.00E+00
331	334	-3.81E+00
332	334	-4.89E+00
333	334	0.00E+00
334	334	-8.63E+00
335	334	0.00E+00
330	335	2.561324169
331	335	0
332	335	0.00E+00
333	335	7.27E+00
334	335	0.00E+00
335	335	-9.06E+00
336	336	0
337	336	0.753167415
338	336	1.843327716
339	336	0
340	336	2.25E+00
341	336	0.00E+00
336	337	-2.35E+00
337	337	0
338	337	0
339	337	-2.772275012
340	337	0
341	337	6.009732362
336	338	0.00E+00
337	338	-4.18E+00
338	338	-4.20E-01
339	338	0.00E+00
340	338	8.069376309
341	338	0.00E+00
336	339	4.525009493
337	339	0
338	339	0.00E+00
339	339	-5.47E-01
340	339	0.00E+00
341	339	1.04E+01
336	340	0.00E+00
337	340	3.81E+00
338	340	-4.890858156
339	340	0.00E+00
340	340	8.63E+00
341	340	0.00E+00
336	341	-2.56E+00
337	341	0.00E+00
338	341	0
339	341	7.27E+00
340	341	0
341	341	9.06E+00
342	342	0.00E+00
343	342	-7.53E-01
344	342	1.84E+00
345	342	0.00E+00
346	342	-2.25E+00
347	342	0.00E+00
342	343	-2.352140932
343	343	0.00E+00
344	343	0.00E+00
345	343	-2.77E+00
346	343	0.00E+00
347	343	6.009732362
342	344	0
343	344	4.183461039
344	344	-0.41957842
345	344	0
346	344	-8.07E+00
347	344	0.00E+00
342	345	4.53E+00
343	345	0.00E+00
344	345	0.00E+00
345	345	-5.47E-01
346	345	0.00E+00
347	345	1.04E+01
342	346	0
343	346	-3.805019793
344	346	-4.89E+00
345	346	0.00E+00
346	346	-8.63E+00
347	346	0.00E+00
342	347	-2.56E+00
343	347	0.00E+00
344	347	0
345	347	7.27E+00
346	347	0.00E+00
347	347	9.06E+00
348	348	0.00E+00
349	348	-7.53E-01
350	348	1.84E+00
351	348	0.00E+00
352	348	-2.249241907
353	348	0.00E+00
348	349	-2.35E+00
349	349	0.00E+00
350	349	0.00E+00
351	349	-2.77E+00
352	349	0.00E+00
353	349	6.01E+00
348	350	0.00E+00
349	350	4.18E+00
350	350	-4.20E-01
351	350	0.00E+00
352	350	-8.07E+00
353	350	0.00E+00
348	351	4.53E+00
349	351	0.00E+00
350	351	0.00E+00
351	351	-5.47E-01
352	351	0.00E+00
353	351	1.04E+01
348	352	0.00E+00
349	352	-3.81E+00
350	352	-4.89E+00
351	352	0.00E+00
352	352	-8.63E+00
353	352	0.00E+00
348	353	-2.56E+00
349	353	0
350	353	0
351	353	7.269029684
352	353	0
353	353	9.06E+00
354	354	0
355	354	-0.753167415
356	354	1.843327716
357	354	0
358	354	-2.249241907
359	354	0
354	355	-2.352140932
355	355	0
356	355	0
357	355	-2.77E+00
358	355	0
359	355	6.009732362
354	356	0
355	356	4.183461039
356	356	-0.41957842
357	356	0
358	356	-8.069376309
359	356	0
354	357	4.525009493
355	357	0
356	357	0
357	357	-0.546867574
358	357	0
359	357	10.4105868
354	358	0
355	358	-3.805019793
356	358	-4.89E+00
357	358	0
358	358	-8.633235763
359	358	0
354	359	-2.56E+00
355	359	0
356	359	0
357	359	7.269029684
358	359	0
359	359	9.06E+00
360	360	0
361	360	0.753167415
362	360	1.843327716
363	360	0
364	360	2.249241907
365	360	0
360	361	2.352140932
361	361	0
362	361	0
363	361	-2.772275012
364	361	0
365	361	-6.009732362
360	362	0.00E+00
361	362	-4.183461039
362	362	-4.20E-01
363	362	0.00E+00
364	362	8.069376309
365	362	0.00E+00
360	363	-4.53E+00
361	363	0
362	363	0.00E+00
363	363	-0.546867574
364	363	0.00E+00
365	363	-1.04E+01
360	364	0
361	364	3.81E+00
362	364	-4.890858156
363	364	0
364	364	8.63E+00
365	364	0
360	365	2.561324169
361	365	0
362	365	0
363	365	7.269029684
364	365	0
365	365	-9.06E+00
366	366	0
367	366	-0.753167415
368	366	1.843327716
369	366	0
370	366	-2.249241907
371	366	0
366	367	-2.352140932
367	367	0
368	367	0.00E+00
369	367	-2.772275012
370	367	0
371	367	6.009732362
366	368	0
367	368	4.18E+00
368	368	-0.41957842
369	368	0
370	368	-8.069376309
371	368	0
366	369	4.525009493
367	369	0
368	369	0
369	369	-0.546867574
370	369	0
371	369	10.4105868
366	370	0
367	370	-3.805019793
368	370	-4.890858156
369	370	0
370	370	-8.633235763
371	370	0
366	371	-2.561324169
367	371	0
368	371	0
369	371	7.269029684
370	371	0
371	371	9.0615245
372	372	0.00E+00
373	372	-7.53E-01
374	372	1.843327716
375	372	0
376	372	-2.249241907
377	372	0
372	373	-2.352140932
373	373	0
374	373	0.00E+00
375	373	-2.772275012
376	373	0
377	373	6.009732362
372	374	0
373	374	4.18E+00
374	374	-0.41957842
375	374	0
376	374	-8.069376309
377	374	0
372	375	4.525009493
373	375	0
374	375	0
375	375	-0.546867574
376	375	0
377	375	10.4105868
372	376	0
373	376	-3.805019793
374	376	-4.89E+00
375	376	0
376	376	-8.633235763
377	376	0
372	377	-2.56E+00
373	377	0
374	377	0.00E+00
375	377	7.27E+00
376	377	0.00E+00
377	377	9.0615245
378	378	1.54E-01
379	378	0.64791107
380	378	1.86E+00
381	378	0.941425413
382	378	2.66E+00
378	379	-2.637004533
379	379	1.17E+00
380	379	-0.118161368
381	379	-5.08E+00
382	379	3.930065321
378	380	-1.61E+00
379	380	-3.909948852
380	380	-6.15E-01
381	380	3.05E+00
382	380	1.02E+01
378	381	4.040298765
379	381	-1.71E+00
380	381	0.486476387
381	381	-7.698354464
382	381	6.085591445
378	382	1.718545633
379	382	3.497323782
380	382	-4.572973833
381	382	3.193500673
382	382	10.8691097